comment_id,score,depth,length,time_since_submission,time_since_parent,parent_score,age,karma,submission_score,urls,alignment_content,alignment_syntax_3,alignment_syntax_4,alignment_features_binary,alignment_features_frequency
cusfugq,5,0,182,22409,22409,8,3185819,10886,8,0,0.45763157894736867,0.3151170005416589,0.3810996829324878,0.2375,0.06314102564102564
cut6qfy,1,1,28,78692,56283,5,3129536,10812,8,0,0.14297440849830986,-0.08287679077128089,0.037526652452025584,-0.062499999999999986,-0.039646133682830945
cuspiv3,4,0,119,42532,42532,8,3165700,3218,8,0,0.17287319962309852,0.07765180421430415,0.04812578329725419,0.11249999999999999,0.022378516624040917
cut6rst,1,1,35,78786,36254,4,3129446,10812,8,0,0.36560598744567857,-0.012434581320450848,0.12008528784648187,0.1875,-0.0325032765399738
cut737y,1,2,70,79616,830,1,3128616,3218,8,0,0.3038329519450805,0.15265059015059027,0.0955223880597015,0.11249999999999999,0.028260869565217395
cut7com,1,3,32,80333,717,1,3127899,10812,8,0,0.4135336190246257,-0.035781142167011754,0.03090430201931519,0.1875,-0.02178899082568808
cut7ewx,2,4,22,80510,177,1,3127722,3218,8,0,0.022732473476180837,-0.020203754578754594,0.04202985074626866,-0.012500000000000011,-0.12888198757763975
cut8nik,1,5,19,84174,3664,2,3124058,10812,8,0,0.2796780096063431,-0.18753378766965736,0.0,0.0625,-0.09415741187831966
cusfqw8,3,0,94,22113,22113,8,3186119,23533,8,0,0.18103662873399692,0.06364132244179689,0.0693889045339341,0.175,0.02393617021276595
cutet98,1,1,28,108476,86363,3,3099756,2434,8,0,-0.009000494193229541,-0.1334926691832157,0.036232629953679873,0.04999999999999999,-0.03213726805276103
cuson6r,1,0,103,40924,40924,8,3167308,1445,8,0,0.04912897892933369,0.16467495754000172,0.12196162046908315,0.18749999999999994,0.015625356938892054
cusz0sy,1,1,22,61498,20574,1,3146734,10812,8,0,0.4578069443834778,0.058620169082125535,0.14328358208955225,0.0625,0.03502919099249374
