comment_id,score,depth,length,time_since_submission,time_since_parent,parent_score,age,karma,submission_score,urls,alignment_content,alignment_syntax_3,alignment_syntax_4,alignment_features_binary,alignment_features_frequency
cuthufg,2,0,22,6841,6841,0,3092271,4096,0,0,0.9665998591232238,0.9183160415003989,0.9352941176470588,-0.08750000000000001,-0.04772019258000565
cuti7gn,1,1,12,7568,727,2,3091544,2156,0,1,0.1615013006317354,0.038513309894525366,0.0,0.02500000000000001,-0.02391304347826087
cutp66w,2,2,7,20501,12933,1,3078611,17602,0,0,-0.06025009473285334,-0.10334928229665073,0.0,-0.28750000000000003,0.02955665024630541
cutshua,1,3,18,28260,7759,2,3070852,2156,0,1,-0.1404930013625666,-0.05966850828729282,0.0,0.15,0.003864734299516906
cutsxvy,1,4,12,29241,981,1,3069871,17602,0,0,0.19860216411940554,-0.013349282296650703,0.0,-0.2875,-0.02996715927750411
cututnm,1,5,18,33738,4497,1,3065374,2156,0,0,0.08600272513315993,-0.05966850828729281,0.0,0.275,0.003864734299516906
cutwfaf,2,0,58,37603,37603,0,3061509,31039,0,0,0.11866297119362117,-0.03521586300135195,0.0,0.08749999999999998,-0.0031336612649504325
cutzpyo,0,1,79,43944,6341,2,3055168,2156,0,0,0.172969438682152,-0.02063236370897956,0.0,0.275,-0.005980554026784074
cuu0x77,2,2,10,46246,2302,0,3052866,31039,0,0,0.37639948755082714,0.020498422712933756,0.0,-0.2875,-0.023823316437364225
cuu24ix,0,3,66,48560,2314,2,3050552,2156,0,0,0.037958177088611884,-0.04466850828729281,0.0,0.4,-0.0011857707509881354
cuu3czz,2,4,25,51121,2561,0,3047991,31039,0,0,0.02306615421749384,0.09049842271293378,0.07993966817496229,-0.16250000000000003,0.03617668356263577
cuue9lf,1,5,17,87238,36117,2,3011874,2156,0,0,-0.05167114783483075,-0.05966850828729281,0.0,-0.09999999999999999,0.1280477408354646
cuuer0l,1,6,31,88227,989,1,3010885,31039,0,0,0.0037774858965674597,-0.014116961902450863,0.0,-0.16250000000000003,0.005208941627151895
cuufg2s,1,7,3,89595,1368,1,3009517,2156,0,1,-0.29149015235971754,-0.05966850828729281,,-0.475,-0.1072463768115942
cuuh052,1,8,48,92477,2882,1,3006635,31039,0,0,-0.04827999962866004,0.009043877258388296,0.019244734931009443,0.08749999999999998,-0.0404899831040309
cuuj3ms,1,9,31,95899,3422,1,3003213,2156,0,0,0.146888673115882,0.038513309894525366,0.0,0.15,-0.010472183263207105
cuuk58j,1,10,44,97560,1661,1,3001552,31039,0,0,0.22197058312192275,0.047889727060759835,0.06928104575163399,0.08749999999999998,-0.055641498255546054
cuutfqc,1,11,50,111653,14093,1,2987459,2156,0,0,0.007484206614641401,0.08856678583035425,0.06235294117647059,0.4,0.13275362318840578
cuutwzx,1,12,36,112401,748,1,2986711,31039,0,0,-0.03884267769133807,-0.06950157728706623,0.0,0.08749999999999998,0.015065572451524664
cuuu5t9,1,13,30,112780,379,1,2986332,2156,0,0,-0.019695280564845773,0.04158149171270718,0.06704617330803289,0.4,0.026086956521739132
cuuucrj,1,14,32,113067,287,1,2986045,31039,0,0,-0.04827999962866003,-0.0377368714047133,0.0,0.08749999999999998,0.0011766835626357691
cuugcdh,1,1,18,91310,1441,1,3007802,2156,0,0,0.16150130063173537,-0.005668508287292812,0.0,0.275,-0.051690821256038647
cuuj5y7,1,3,38,96005,4490,1,3003107,2156,0,0,-0.00539028731248408,-0.05966850828729283,0.0,0.275,-0.05461479786422578
cuuqjbz,1,5,30,107247,10736,1,2991865,2156,0,0,-0.11029357116313637,0.010008911067545893,0.03464052287581699,0.275,0.05942028985507246
