comment_id,score,depth,length,time_since_submission,time_since_parent,parent_score,age,karma,submission_score,urls,alignment_content,alignment_syntax_3,alignment_syntax_4,alignment_features_binary,alignment_features_frequency
cuugnoy,9,0,110,368,368,15,3006938,4849,15,0,-0.02288676236044653,0.033543463277690914,0.026425027842462284,0.3,0.026076555023923448
cuuhqaa,4,1,175,2166,1798,9,3005140,7683,15,0,0.1511700680272109,0.04419276038196757,0.05852853036511529,0.012499999999999997,0.00823747680890538
cuvgle6,0,2,22,72333,70167,4,2934973,27996,15,0,-0.06933802719679713,0.003529963321474851,0.09982788296041309,0.03749999999999999,-0.03893145578794782
cuvi0zv,2,3,71,76906,4573,0,2930400,7683,15,0,0.07483472262144292,0.18174550299800132,0.06634131462559098,0.012499999999999997,0.018056390289790697
cuviajt,0,4,31,77613,707,2,2929693,27996,15,0,0.04288093663506988,0.13855106036788833,0.16378012048192772,-0.08750000000000001,0.09596590491586449
cuvjzyy,2,5,115,81485,3872,0,2925821,7683,15,0,0.10295474711623785,0.11088000953294014,0.07732569622753309,0.012499999999999997,0.04451076873437122
cuuxh60,1,2,53,26608,24442,4,2980698,2712,15,0,0.07443428645529401,0.07847880931134392,0.07106391668368389,0.2125,0.025759301970155885
cuuxrm8,3,3,56,27090,482,1,2980219,7683,15,0,0.13945578231292524,0.1353320008882967,0.08882989585460487,-0.1125,0.012523191094619662
cuuifdu,4,2,37,3310,1144,4,3003999,4849,15,0,-0.02624466571834991,-0.06856624136365928,0.0,0.175,-0.038051209103840675
cuv2kx0,2,2,23,35434,33268,4,2971875,10637,15,0,0.1574819951987197,0.06162382788011367,0.08385542168674699,0.26249999999999996,0.06348359562550013
cuvph93,2,3,0,90576,55142,2,2916733,10637,15,1,,,,-0.6124999999999999,-0.11042944785276074
cuukz4n,2,2,24,7323,5157,4,2999986,24965,15,0,-0.22777777777777777,-0.013447775259149843,0.07764390896921018,0.32500000000000007,-0.013888888888888895
cuul8ks,1,3,56,7728,405,2,2999581,87807,15,0,0.11980938878386893,0.0784802899503861,0.13746790440450327,0.3125,0.0010802052389954075
cuun0fs,2,4,77,10435,2707,1,2996874,7683,15,0,0.0595856524427953,0.05675286243279676,0.08632175761871012,0.012499999999999997,0.048237476808905375
cuur4nq,1,5,63,16616,6181,2,2990693,6516,15,0,-0.07360011027345699,0.03091854619476307,0.01588170865279299,0.0625,0.026783726182523768
cuusb0i,4,6,26,18390,1774,1,2988919,7683,15,0,-0.03325484039769751,0.12295506699237545,0.1612604263206673,-0.1125,-0.017696589125160547
cuuqe3e,3,0,28,15524,15524,15,2991785,21638,15,0,0.13191763191763184,-0.06413502109704641,0.0,0.4125,-0.0723938223938224
cuui73q,1,0,52,2947,2947,15,3004362,28884,15,0,-0.05236075980756833,-0.08943363531774896,0.01807228915662651,0.0625,0.014692754054456178
cuujift,2,1,28,5054,2107,1,3002255,7683,15,0,0.04183673469387755,-0.05271754314328079,0.0,-0.1125,0.012523191094619662
cuujmt8,5,2,33,5247,193,2,3002062,28884,15,0,0.035246077799269276,0.08258476798149536,0.08984509466437177,0.0625,-0.05931656995486782
cuuuwcb,4,1,18,22406,19459,1,2984903,56361,15,0,0.27653021442495124,0.25126106405253634,0.05823293172690763,0.1375,0.05087719298245613
cuuv1r5,0,2,5,22644,238,4,2984665,28884,15,0,-0.42030947775628646,-0.1649539099369294,0.0,-0.4375,-0.11992263056092843
cuuvqes,2,3,25,23701,1057,0,2983608,56361,15,0,0.051789473684210545,-0.11628877451662262,0.0,0.6375,0.04421052631578948
cuv22sb,0,4,34,34574,10873,2,2972735,20459,15,0,0.03110651295694158,0.03639478442942806,0.030829199149539334,0.4375,-0.09695536506059711
cuv25hp,1,5,14,34704,130,0,2972605,56361,15,0,0.15721804511278192,3.533440367703934e-17,0.08063021316033366,0.2625,-0.0443609022556391
cuuw1pc,3,4,42,24206,505,2,2983103,28884,15,0,0.035246077799269276,0.12563497283687358,0.09317269076305222,0.0625,-0.00087501151330939
cuv5a6n,1,5,11,39958,15752,3,2967351,4096,15,0,0.12656471254602097,0.04228838130259527,0.10481927710843374,-0.3375,0.04318889832908526
cuuw6tq,2,5,28,24432,226,3,2982877,56361,15,0,0.2060275689223057,0.1379144062688366,0.03614457831325302,0.5125,-0.008646616541353389
cuuw8r5,1,6,85,24519,87,2,2982790,28884,15,0,0.013808169302537258,-0.053561504873638255,0.031763417305585975,0.0625,-0.025804983502104903
cuuwnxk,0,7,44,25239,720,1,2982070,56361,15,0,0.07291068580542262,0.006771574775883968,0.022786799371398637,0.6375,-0.002153110047846893
cuuwrib,1,8,62,25401,162,0,2981908,28884,15,0,-0.023535284207899177,0.005228931131987642,0.07381639232988291,0.0625,-0.023148437012541337
cuux2hd,0,9,155,25928,527,1,2981381,56361,15,0,0.04826259196378038,-0.04896369453331476,0.023164481128935634,0.6375,-0.006112054329371813
