comment_id,score,depth,length,time_since_submission,time_since_parent,parent_score,age,karma,submission_score,urls,alignment_content,alignment_syntax_3,alignment_syntax_4,alignment_features_binary,alignment_features_frequency
cuuz7ps,16,0,206,660,660,0,2977588,3661,0,0,0.3566777458476513,0.21755416334328817,0.18513323983169705,0.17500000000000004,0.03319087657360523
cuuzyxq,0,1,146,1966,1306,16,2976282,12645,0,0,0.1594468471627814,0.07561650627479026,0.11381618989653074,0.275,0.0360511853006316
cuv55pw,1,2,36,10809,8843,0,2967439,14944,0,2,-0.14539969090131857,-0.04880198801638094,0.0,-0.25,0.025985663082437285
cuv79bo,1,3,27,14348,3539,1,2963900,12645,0,0,0.1418895135315505,0.13694540173830114,0.16377171215880892,0.15000000000000002,0.040363717010423586
cuv0gue,1,2,96,2845,879,0,2975403,23034,0,0,0.034497673699115855,0.10550327947266325,0.13838709677419353,0.04999999999999999,0.030358300907911792
cuv1tqs,3,3,194,5199,2354,1,2973049,12645,0,0,0.0632545558650976,0.03346682902895922,0.10693769332744145,0.275,0.010772269893203276
cuvg6dm,1,4,150,41754,36555,3,2936494,23034,0,0,-0.10969192874736718,0.02115015220031195,0.05039129604886429,0.04999999999999999,0.021608300907911812
cuvplw0,2,5,239,61837,20083,1,2916411,12645,0,0,0.04039060185260742,-0.07506456097351447,0.03509393831974477,0.275,-0.0031819206774735126
cuvtlmw,1,6,132,67937,6100,2,2910311,23034,0,0,-0.07899968521108706,-0.11341036178781828,0.02729528535980149,0.04999999999999999,0.01615375545336635
cuvujh7,2,7,270,69384,1447,1,2908864,12645,0,0,0.02309916354854,-0.044720731850909384,0.05773646801530891,0.275,0.00703038367709026
cuvusgx,1,8,135,69749,365,2,2908499,23034,0,0,0.009098421235643289,-0.03840941956492602,0.020471464019851116,0.04999999999999999,0.020867560167171048
cuvv3go,2,9,266,70211,462,1,2908037,12645,0,0,0.1331929505134038,0.01273498054638041,0.020276497695852533,0.275,0.027553914726937093
cuvvi81,0,10,159,70840,629,2,2907408,23034,0,0,0.02089488101548542,-0.021675338370033347,0.04603312990409765,0.04999999999999999,0.014438489587157086
cuvvkr0,1,11,71,70950,110,0,2907298,12645,0,0,0.02477226706942751,-0.049494440470771846,0.06737443854634545,0.275,-0.009192881841949913
cuv0bez,1,2,92,2579,613,0,2975669,4649,0,0,-0.028552248825240586,-0.15538524727047867,0.05662319835277968,0.3625,0.03552492046659597
cuv0eu9,2,3,53,2746,167,1,2975502,3661,0,0,0.09136047666335648,-0.020711293284451482,0.017451084082496036,0.05,-0.01810056874605037
cuv1k2h,1,4,14,4744,1998,2,2973504,12645,0,1,-0.18411407852708733,0.08087326874309117,0.16377171215880892,-0.22499999999999998,0.035072711719418295
cuv0j87,3,4,66,2956,210,2,2975292,4649,0,0,-0.0969425740962998,-0.18546108950397738,0.015888300433317286,0.2375,0.017738359201773843
cuv1j45,2,3,167,4700,2121,1,2973548,12645,0,0,0.07075756743393946,0.00042194748909435843,0.029085140137493394,0.275,-0.011976047904191614
cuv2ldx,1,4,126,6517,1817,2,2971731,3661,0,0,-0.0014102534624021582,0.1347713051758144,0.07858843905607275,0.17500000000000004,-0.03307511202248045
cuv3bye,1,5,165,7776,1259,1,2970472,12645,0,0,0.17030825754662482,0.04995782244302949,0.08678120617110799,0.275,0.013427690074396662
cuv3ner,1,6,106,8321,545,1,2969927,3661,0,1,0.043584814554995736,0.0070587763773128235,0.03608529250956807,0.17500000000000004,-0.027534531010201327
cuv784u,1,7,110,14288,5967,1,2963960,12645,0,0,0.0373085355560771,-0.021925641748126997,0.05961290322580646,0.275,0.0013064779531845316
cuv7any,1,8,52,14414,126,1,2963834,3661,0,0,0.16914905471158495,0.11419863293205469,0.07470288624787777,0.17500000000000004,-0.035517114464482885
cuv7j9x,1,9,90,14858,444,1,2963390,12645,0,0,0.035603410915172745,0.05844441554500728,0.0716501240694789,0.275,-0.030006653359946775
cuv8fvr,1,10,74,16558,1700,1,2961690,3661,0,0,0.03841987811084868,0.10428371286353523,0.08766603415559773,0.17500000000000004,-0.017845596792965213
cuv8r9j,1,11,85,17192,634,1,2961056,12645,0,0,0.10952557917085425,-0.02491230175302645,0.04435483870967742,0.15000000000000002,-0.025431489961253967
cuv9hc9,0,12,152,18657,1465,1,2959591,3661,0,0,-0.011105746016417171,-0.028476049537753574,0.0413978494623656,0.17500000000000004,0.019138755980861233
cuvusoc,1,13,13,69758,51101,0,2908490,12645,0,0,-0.15628869290353664,0.0161746537486182,0.08870967741935484,-0.22499999999999998,0.0460617227084293
cuv0bau,3,2,136,2573,607,0,2975675,3661,0,0,-0.06859431363081205,0.07982061484050874,0.10002164970772895,0.17500000000000004,0.027265690965381367
cuv17u7,3,3,79,4155,1582,3,2974093,12645,0,0,-0.1398517562482746,0.016174653748618244,0.05913978494623656,0.275,0.05677253088759189
cuv1ey2,0,4,113,4503,348,3,2973745,3661,0,0,-0.009828093819838195,0.09733237329901287,0.049512378094523635,0.17500000000000004,0.07340051657704197
cuv1pk6,4,5,117,5005,502,0,2973243,12645,0,0,0.1178428839803339,0.02150277498345714,0.08673835125448029,0.275,0.028967705614412212
cuv2s1y,0,6,150,6820,1815,4,2971428,3661,0,0,0.1652535007242879,0.06480902274389637,0.05009487666034156,0.17500000000000004,0.02089314194577352
cuv38hk,2,7,60,7609,789,0,2970639,12645,0,0,0.016847039865223686,0.016174653748618237,0.03326612903225807,0.15000000000000002,-0.007784431137724548
cuv3cb9,1,8,9,7795,186,2,2970453,3661,0,0,0.3603197596437576,0.18187189689179092,0.26612903225806456,0.05,0.1097820308346624
cuv3fxm,1,9,28,7971,176,1,2970277,12645,0,0,-0.003249071974007392,-0.03477550555952925,0.0,0.024999999999999994,-0.0006415739948674171
cuv3r1b,1,10,40,8488,517,1,2969760,3661,0,0,0.0977305649444712,0.17333918100121543,0.0946236559139785,-0.075,0.012559808612440188
cuv76lk,2,11,138,14215,5727,1,2964033,12645,0,0,0.1881008624951931,0.1553852307098801,0.09350479511769834,0.275,0.0588822355289421
cuv2ez5,4,1,115,6220,5560,16,2972028,4566,0,1,0.1965885151206252,0.18084780591405353,0.10058420116840233,0.4875,0.04521739130434782
cuv302b,1,2,103,7203,983,4,2971045,3661,0,0,0.04528556628053621,0.14262140379514396,0.08945513689346707,0.17500000000000004,0.02348213870952756
cuv4dov,2,3,197,9527,2324,1,2968721,4566,0,0,0.0600076926924596,0.09570047895657471,0.06466686765149231,0.4875,0.011979695431472093
cuv4wja,-1,4,338,10388,861,2,2967860,3661,0,1,0.021817205192014837,0.029118689221850354,0.027506876719179795,0.17500000000000004,0.014778743523682802
cuv50bb,2,2,227,10556,4336,4,2967692,14944,0,2,-0.08632125345324121,0.037076910413124754,0.056716023268112106,0.12499999999999999,0.028065937189143117
cuvk2ll,2,3,280,52696,42140,2,2925552,4566,0,1,0.06814814814814815,0.0013873095721061047,0.05800248138957816,0.4875,0.051428571428571435
cuv0z28,7,0,171,3730,3730,0,2974518,66127,0,0,-0.035294167502414125,-0.10980553870949092,0.02661290322580645,0.2875,-0.015792088268360926
cuv2rgl,1,1,47,6793,3063,7,2971455,552,0,0,0.22747088294619025,0.036128294782140954,0.059139784946236555,0.41250000000000003,-0.015903718031377606
cuv2uav,2,2,41,6928,135,1,2971320,66127,0,1,0.1826071906516792,0.050820394511427995,0.07603686635944701,0.16249999999999998,-0.01664788630002545
cuv3mow,0,3,52,8289,1361,2,2969959,552,0,0,0.08656786638438012,-0.038066210977351536,0.0,0.5375000000000001,0.0336052836052836
cuv43h5,1,4,25,9058,769,0,2969190,66127,0,0,0.04920821996472464,-0.08218792096558163,0.0,0.03749999999999999,-0.018599105812220573
cuv4eco,0,5,31,9557,499,1,2968691,552,0,0,-0.01815132682253135,0.036797337278106516,0.06867845993756504,0.5375000000000001,0.028022157054415117
cuv51xl,1,6,21,10633,1076,0,2967615,66127,0,0,0.24534627151562005,0.19817274401046778,0.05322580645161291,0.03749999999999998,0.09949613228301751
cuv5e2g,0,7,15,11197,564,1,2967051,552,0,0,0.33761467889908264,-0.05256762468300924,0.0,0.2875,0.16565656565656567
cuv74ao,2,0,32,14104,14104,0,2964144,1235,0,0,0.3562261622513143,0.29378198464736927,0.10301768990634755,0.17500000000000002,0.14009831460674158
cuvau5c,2,0,224,21655,21655,0,2956593,21440,0,0,0.215686717584851,0.10883091267706645,0.07209870196632824,0.2875,0.04002463054187193
cuuz60r,2,0,121,579,579,0,2977669,1098,0,0,0.1442068867248765,0.032562963916642665,0.038569424964936885,0.19999999999999998,0.013655125705865662
cuvbz8v,0,0,207,24831,24831,0,2953421,2152,0,0,0.16167914611603762,0.10678686730369422,0.05780178076193256,0.07500000000000001,0.03881555044204918
cuv0po7,-3,0,19,3273,3273,0,2974979,4333,0,0,0.2553990068969493,-0.05276492944053269,0.0,0.11249999999999999,0.05341712490180675
cuv2xdi,-6,0,30,7073,7073,0,2971179,84897,0,0,0.016328615298181068,0.1857847895315961,0.23286290322580647,0.2,0.01642310368823939
cuvnx5q,0,1,4,59267,52194,-6,2918985,4865,0,0,0.33146380418229765,-0.2288287856646624,0.0,-0.425,0.1285425101214575
cuuyyzk,9,1,12,235,139,-22,2978017,1098,0,0,0.431365377386286,-0.13994410842440874,0.0,-0.30000000000000004,-0.05177187153931341
cuuzady,6,1,56,789,693,-22,2977463,3218,0,0,-0.0878112712975098,-0.1561457618597954,0.0,0.11249999999999999,-0.05745341614906832
cuuzcc3,-8,2,37,886,97,6,2977366,6584,0,0,0.05872576881751195,0.07071529369647614,0.05322580645161291,0.125,-0.009840609840609832
cuv1llu,3,3,49,4819,3933,-8,2973433,508,0,0,-0.047894566195240705,-0.03551783204388662,0.0,0.062499999999999986,-0.022896963663514194
cuv2cg3,-2,4,33,6100,1281,3,2972152,6584,0,0,-0.0684673125040098,-0.08607968861445364,0.02956989247311828,0.25,0.03356643356643357
cuv30ua,-1,2,70,7242,6453,6,2971010,552,0,0,0.16076889471384864,0.09746321765552539,0.043747238179407864,0.4125,0.02756132756132755
