comment_id,score,depth,length,time_since_submission,time_since_parent,parent_score,age,karma,submission_score,urls,alignment_content,alignment_syntax_3,alignment_syntax_4,alignment_features_binary,alignment_features_frequency
cuvoasr,7,0,85,812,812,10,2918245,48121,10,0,0.10905748663101605,-0.02562730269536552,0.0,0.475,0.06771390374331553
cuwlgzz,1,1,245,66918,66106,7,2852139,57428,10,0,0.14588640275387266,0.06031444549963069,0.03047409243196108,0.4625,0.006048684534054577
cv2rj39,1,2,64,537983,471065,1,2381074,12339,10,0,-0.013002938517179015,0.0354909742562373,0.030137981118373278,0.16249999999999998,0.012884267631103077
cv2rpo9,1,3,22,538247,264,1,2380811,57428,10,0,0.12900328587075577,0.1544159544159544,0.08910359634997315,0.4625,-0.02957283680175246
cuvt37u,3,1,53,8116,7304,7,2910942,356465,10,0,0.02020918785890074,0.0059365018788529594,0.01829805996472663,0.225,0.04807219031993436
cuvwmjt,1,2,34,13559,5443,3,2905502,2347,10,0,-0.15608097371849872,-0.10920463755858616,0.0,-0.0625,-0.14802809292274446
cuw9y2r,0,3,127,35348,21789,1,2883713,12339,10,0,-0.0005275448163916178,0.024320383375501478,0.020912068531116147,0.16249999999999998,0.029616551095670005
cuwar0w,1,4,7,36759,1411,0,2882302,2347,10,0,-0.12330786447480131,0.33153610318215465,0.20493827160493827,-0.1875,-0.005170950065601615
cuwcbzn,1,5,3,39555,2796,1,2879506,12339,10,0,-0.297377938517179,-0.12983377077865269,0.0,-0.5875,-0.11211573236889692
cuwxsuu,1,3,90,93384,79825,1,2825677,3040,10,0,0.11965984316121805,0.08832614612961433,0.04225531373297696,0.03749999999999999,0.06881556166615745
cuwlia0,1,3,26,67095,53536,1,2851966,57428,10,1,0.12445783132530117,0.0610826210826211,0.0,-0.03749999999999999,0.07182576459684895
cuvzje7,3,3,32,17899,4340,1,2901162,1589,10,0,0.06080645161290322,-0.03368421052631578,0.0,0.04999999999999999,0.01209677419354839
cuw2qfe,1,4,33,22841,4942,3,2896220,12978,10,0,0.0655888784754764,0.03111727294733831,0.062102506546950986,0.26249999999999996,0.042642924086223055
cuw3bhf,1,5,24,23788,947,1,2895273,1589,10,0,-0.15586021505376346,-0.11555555555555555,0.0,-0.07499999999999998,-0.07123655913978494
cuw3w2q,1,6,23,24733,945,1,2894328,12978,10,0,0.18034513670999552,-0.104751215862327,0.0,0.012499999999999997,0.0347377857463021
cuw42py,1,7,50,25042,309,1,2894019,1589,10,0,0.09980645161290325,0.06843488649940263,0.03359643796802266,0.29999999999999993,-0.012903225806451604
cuw46ap,1,8,50,25205,163,1,2893856,12978,10,0,0.035649484536082514,-0.09532360643471754,0.018975765889346134,0.38749999999999996,-0.019175257731958772
cuvqag6,7,1,29,3848,3036,7,2915213,89536,10,0,0.018338557993730405,-0.07970470470470471,0.0,0.1625,0.018612852664576796
cuwck9g,2,2,14,39971,36123,7,2879090,18264,10,0,-0.049886018237082067,-0.16031490427625697,0.0,0.2,-0.053571428571428575
cuwqql6,1,3,22,82040,42069,2,2837021,89536,10,0,0.0,0.08731808731808735,0.04098765432098765,-0.08750000000000001,-0.07386363636363637
cuvosr0,2,0,65,1565,1565,10,2917496,10886,10,0,0.11833333333333336,-0.01465943828004933,0.01529390086604017,0.11249999999999999,0.00929487179487179
cuvq8id,4,0,77,3766,3766,10,2915295,2719,10,1,0.0665314331686013,0.05072812750831324,0.024397413286302176,0.05,-0.006125732674405249
cuvuhom,1,1,8,10280,6514,4,2908781,4865,10,0,-0.06907894736842106,0.43454790823211875,0.20493827160493827,-0.175,0.0035425101214574956
cuvsgaq,3,1,19,7130,3364,4,2911931,8126,10,0,-0.021583928274946023,0.027654320987654347,0.0,0.2875,0.041175493939897057
cuvui1y,1,2,12,10296,3166,3,2908765,69014,10,0,-0.020758483033932133,0.15795487003713224,0.0,-0.3125,0.09181636726546906
cuvvn6r,1,3,17,12028,1732,1,2907033,2719,10,0,0.12810515356585114,-0.022474486870771717,0.0,-0.075,0.11228526808953669
cuvvpsb,2,4,20,12138,110,1,2906923,69014,10,0,0.02257485029940116,-0.051921673172744265,0.0,-0.0625,0.0751497005988024
cuvwqt3,2,5,28,13734,1596,2,2905327,2719,10,0,0.07075221238938052,0.14160033846166012,0.07319223985890652,-0.075,-0.015865992414664992
cuvxq31,1,6,8,15191,1457,2,2903870,23034,10,0,0.19006809338521405,0.020361593821309476,0.0,-0.45,0.019941634241245135
cuvuhnp,6,2,75,10279,3149,3,2908782,2719,10,0,0.005752212389380538,-0.04330449909246255,0.012650510592897424,-0.075,-0.0030088495575221336
cuwlkih,1,3,46,67409,57130,6,2851652,57428,10,0,0.0853273965426925,0.1391654097536451,0.04098765432098765,0.3375,0.05343111576741749
cux8jc7,1,4,29,110020,42611,1,2809041,2719,10,0,0.194028074458346,-0.1099109429346787,0.0,-0.075,0.01492218492523649
cuvo8et,1,0,20,715,715,10,2918346,4769,10,0,0.21368263473053886,0.15570623901266453,0.11385459533607681,0.11249999999999999,0.04221556886227544
cuvzhpp,1,0,54,17831,17831,10,2901230,1589,10,0,0.048769414575866206,0.025059635907093526,0.035334184759472115,0.29999999999999993,-0.0017921146953405048
cuw9qg2,1,0,97,34973,34973,10,2884088,12339,10,0,0.10468391715292409,0.001054398944468492,0.02009198741224885,0.16249999999999998,0.021904886187804104
cv2ro0r,1,1,60,538181,503208,1,2380880,12339,10,0,0.11428872814948765,0.027293053014837827,0.015764482431149095,0.16249999999999998,0.03788426763110307
cuvo77r,1,0,28,664,664,10,2918397,47433,10,0,0.1475031605562578,0.07123917349680962,0.0320216049382716,0.10000000000000002,0.09007585335018964
cuvsn2y,1,0,58,7422,7422,10,2911639,15460,10,0,0.14504353191197641,-0.010894039288651597,0.0,0.2,0.010694453965860024
cuvznql,1,1,55,18077,10655,1,2900984,1589,10,0,0.13762463343108503,0.1353405017921147,0.06719287593604532,0.29999999999999993,0.03255131964809384
cuvo0x0,-1,0,56,397,397,10,2918664,797,10,0,0.04005879790940766,-0.03912801417516346,0.017078189300411523,0.12499999999999999,-0.015570557491289203
cuvt62e,2,1,13,8237,7840,-1,2910824,356465,10,0,0.42586956521739117,0.19766939536613237,0.17078189300411523,-0.275,0.03210702341137124
cuvsis4,2,1,104,7238,6841,-1,2911823,97140,10,0,0.11891547861507129,0.020963232999329336,0.026731078904991948,0.3,0.04997650007833308
cuvw2yn,5,2,140,12712,5474,2,2906349,797,10,0,-0.057441202090592336,-0.01816407527901094,0.018975765889346137,0.12499999999999999,-0.001284843205574912
cuvw4ij,1,3,37,12778,66,5,2906283,97140,10,0,0.07263169483128751,0.1576794277474837,0.025617283950617284,0.049999999999999975,0.03126548136731437
cuvwj7t,2,4,189,13419,641,1,2905642,797,10,0,0.015124935475545229,-0.014099342516254998,0.03336204421475739,0.12499999999999999,0.004270712349980638
cuvxp6j,1,5,27,15154,1735,2,2903907,13096,10,0,-0.09432838833383797,-0.1229423400290474,0.0,-0.1875,-0.05671611666162074
cuvxwu7,3,6,65,15466,312,1,2903595,797,10,0,0.01184451219512194,-0.060034166228856455,0.014036867918146458,-1.3877787807814457e-17,-0.015021106941838641
cuwl5q2,1,7,33,65233,49767,3,2853828,57428,10,0,0.2077911646586346,-0.020759220759220768,0.0,0.2125,0.0007301935012778427
cuwuvhm,2,8,292,88838,23605,1,2830223,797,10,0,0.06581711493484799,-0.00998411617880644,0.031240590183679612,0.12499999999999999,0.04167014700968927
cuvykw6,1,7,10,16455,989,3,2902606,13096,10,0,-0.026920980926430513,-0.05499853415420697,0.0,-0.1875,-0.1307901907356948
cuvzsul,2,8,6,18289,1834,1,2900772,797,10,0,-0.30815548780487795,-0.1581322643269546,0.0,-0.75,-0.12271341463414634
cuw004v,1,9,39,18590,301,2,2900471,13096,10,0,-0.053587647593097164,0.021652029452878356,0.022770919067215362,-0.0625,-0.07950813945364353
cuw8psk,1,10,71,33159,14569,1,2885902,797,10,0,0.0763515544486431,-0.08131470602791487,0.012808641975308642,-1.3877787807814457e-17,-0.024121865338371698
cuwac4k,2,11,67,36027,2868,1,2883034,13096,10,0,0.08173573549147994,0.014137268314928814,0.028864545296470177,0.1875,-0.05616332506405303
cuwasc4,1,12,80,36823,796,2,2882238,797,10,0,-0.031905487804878056,-0.07836018455487481,0.011385459533607681,0.12499999999999999,0.0022865853658536606
cuwbfia,2,13,17,37952,1129,1,2881109,13096,10,0,-0.05750921622054814,-0.04347590040935103,0.0,-0.1875,-0.1307901907356948
cuwdzte,-1,14,46,42665,4713,2,2876396,797,10,0,0.05923581654294803,-0.07836018455487487,0.02009198741224885,-1.3877787807814457e-17,0.007721367974549309
cuwfc3l,2,15,60,45353,2688,-1,2873708,13096,10,0,0.05974568574023615,0.0033347991791263655,0.048794826572604345,0.1875,-0.014123524069028143
cuvwp2k,3,5,66,13664,245,2,2905397,97140,10,0,0.012476084675677342,0.012487672799631215,0.013482781026640675,0.3,-0.01296056285872986
cuvxayn,1,6,82,14571,907,3,2904490,797,10,0,-0.05449695121951219,-0.05010757296892992,0.010786224821312541,0.12499999999999999,-0.01295731707317073
cuvxi8r,3,7,72,14869,298,1,2904192,97140,10,0,-0.008862299162706498,0.026747922353998414,0.04879482657260435,0.3,-0.006647431545598548
cuvxp5d,0,8,29,15152,283,3,2903909,797,10,0,-0.039189970563498745,-0.03961374580843607,0.030137981118373278,0.12499999999999999,-0.05374789739276703
cuw1w9g,1,9,14,21486,6334,0,2897575,97140,10,0,0.03498690718649985,-0.03044162012966171,0.0,-0.20000000000000007,0.03898748908932208
cuw8jox,1,10,3,32858,11372,1,2886203,797,10,0,0.12517784552845537,0.18754674801872429,0.0,-0.75,-0.12271341463414634
cuvodl0,0,0,37,927,927,10,2918134,69014,10,0,-0.06174947402492313,-0.05192167317274428,0.0,0.1875,0.033257808706910516
cuvppvv,2,1,22,2976,2049,0,2916085,8126,10,0,-0.11799541152853457,-0.10009661835748791,0.0,0.1625,-0.07126469744766274
cuvqqhr,1,2,40,4522,1546,2,2914539,69014,10,0,0.0225748502994012,-0.10130438922212698,0.0,0.1875,-0.024850299401197595
cuvr0pw,1,3,44,4950,428,1,2914111,84939,10,0,0.043972486172174134,-0.020673520092586918,0.022770919067215362,-0.10000000000000002,-0.07066373564033471
cuvrdsd,1,4,109,5498,548,1,2913563,69014,10,1,0.15615283195077734,0.0023993144815766987,0.025832555244319946,0.3125,0.026067131791462958
cuvtwg0,1,5,12,9355,3857,1,2909706,84939,10,0,-0.03481539261570465,0.011153703550493482,0.0,-0.47500000000000003,-0.13884555382215288
cuvua8a,1,6,48,9959,604,1,2909102,69014,10,0,0.06049151696606786,0.04424466860763256,0.0,0.3125,0.029316367265469073
cuvue40,1,7,28,10127,168,1,2908934,84939,10,0,0.11994651214620011,0.02296057683744269,0.0,-0.10000000000000002,-0.03170269667929575
cuvuszq,1,8,81,10742,615,1,2908319,69014,10,0,0.2119575663487839,0.03767995594778517,0.08539094650205761,0.1875,0.02391513269756783
cuvuxaw,1,9,114,10923,181,1,2908138,84939,10,0,0.1590442565071024,0.03729749440016668,0.032790123456790124,0.14999999999999997,-0.01603853627829324
cuvv3mo,1,10,79,11188,265,1,2907873,69014,10,0,0.10814447055256575,0.08427065951081647,0.07630680325715786,0.3125,0.013757295535511263
cuvvecj,2,11,58,11647,459,1,2907414,84939,10,0,0.039897251062456285,0.030563487666159968,0.0,0.14999999999999997,-0.05263865727042874
cuvvmqe,1,12,7,12011,364,2,2907050,8126,10,0,-0.10955385308697611,0.02765432098765431,0.0,-0.08749999999999998,0.02613789995493465
cuvsfab,1,5,41,7088,1590,1,2911973,8126,10,0,0.18034161729629913,0.07186907838070627,0.0975896531452087,0.2875,0.02962222051242594
cuvsl39,1,6,50,7338,250,1,2911723,69014,10,0,0.5945748502994013,0.4172141292963915,0.4674030755902101,0.3125,0.06514970059880242
cuvv6wv,0,1,5,11329,3636,0,2907732,8126,10,0,-0.2952681388012618,0.062222222222222255,0.0,-0.3375,-0.1167192429022082
cuvz22i,0,0,24,17181,17181,10,2901880,56361,10,0,0.023947368421052627,0.05037037037037037,0.042695473251028807,0.6375,-0.07412280701754387
cuwfqlf,2,1,44,46215,29034,0,2872846,21440,10,0,0.08293103448275865,-0.03871842110835823,0.019705603038936374,0.1625,-0.05250783699059562
