comment_id,score,depth,length,time_since_submission,time_since_parent,parent_score,age,karma,submission_score,urls,alignment_content,alignment_syntax_3,alignment_syntax_4,alignment_features_binary,alignment_features_frequency
cuwvpvw,2,0,17,71197,71197,0,2828683,271633,0,0,0.29833795013850406,0.014777649295415803,0.0,0.012500000000000025,-0.03065015479876161
cuwwj4v,1,1,34,72444,1247,2,2827436,10637,0,0,0.026638682596060705,-0.025382411972174057,0.0,0.26249999999999996,0.03662937567665103
cuw1o0g,2,0,61,2146,2146,0,2897734,43399,0,0,0.11343746848492316,0.07494033630493108,0.014664981036662453,0.075,0.06993825846284864
cuw1uvf,1,1,42,2450,304,2,2897430,1221,0,0,0.13128952852146566,0.06212506478060348,0.023873224943403992,-0.2625,0.019178822258238776
cuw2nbu,-2,2,33,3727,1277,1,2896153,23034,0,0,0.10368439670098495,0.08363922487145242,0.0,-0.07500000000000001,0.07675981605942696
cuw2tep,2,3,47,3998,271,-2,2895882,54805,0,0,0.20165267939152207,0.04551297229645166,0.02053097345132743,0.5625,0.05904852976332775
cuw2spc,2,3,10,3967,240,-2,2895913,1221,0,0,-0.07961272711763201,0.011551764207302924,0.0,-0.3875,-0.14748784440842788
cuw1x5v,5,2,54,2550,100,1,2897330,43399,0,0,0.04906204906204907,0.12244699789609971,0.03479826008699565,0.07500000000000001,-0.017797017797017797
cuw28z1,1,3,88,3080,530,5,2896800,204010,0,0,0.16351598934043973,0.0780068946258058,0.020949972909517788,0.17500000000000002,0.048906789413118545
cuw2s87,1,4,42,3945,865,1,2895935,54805,0,0,0.014002703387682726,0.017329708819070526,0.023873224943403992,0.5625,0.07677902621722846
cuw32cj,1,5,118,4401,456,1,2895479,204010,0,0,0.012813491570591348,0.044196540204764365,0.007896528250510551,0.30000000000000004,-0.014267324608453105
cuw2849,5,3,158,3039,489,5,2896841,1221,0,0,0.16162644676644522,-0.049432296776758096,0.0,0.11249999999999999,-0.0019182241552633261
cuw2alq,0,4,35,3156,117,5,2896724,10637,0,0,0.397691314175008,0.024546464272491676,0.0,0.26249999999999996,-0.053286590709903596
cuw6uwe,2,5,13,10838,7682,0,2889042,66127,0,0,0.3806452391439448,0.17794467657481355,0.07332490518331226,0.03749999999999998,-0.13859910581222057
cuw7bsk,0,6,35,11682,844,2,2888198,10637,0,2,-0.10080492642649574,0.43192411219068066,0.3992133726647001,0.012499999999999997,0.03242769500438211
cuyea4p,1,7,9,177201,165519,0,2722679,10637,0,1,0.03979657733290279,0.1826545723805998,0.14664981036662453,-0.11250000000000002,0.0006816632583503679
cuw1dpr,1,0,100,1696,1696,0,2898184,10637,0,2,-0.004940264772360344,0.04040391464321639,0.0274968394437421,0.38749999999999996,-0.0004294478527607365
cuwg2ca,1,0,63,27968,27968,0,2871912,5277,0,0,0.08573688319158551,0.018968871595330738,0.0,0.11249999999999999,-0.02003642987249546
cuw1ccw,-4,0,23,1636,1636,0,2898244,-64,0,0,0.07462656532088362,-0.020971068916274392,0.0,0.02499999999999998,-0.08968756827616342
cuw1et2,6,1,14,1744,108,-4,2898136,23317,0,0,0.012810422492757491,-0.10364129820196767,0.0,-0.012499999999999997,0.006999681832643961
cuw1s68,1,2,32,2328,584,6,2897552,10637,0,1,0.05377684049079752,0.06553745526348265,0.029329962073324906,0.1375,-0.016679447852760737
cuw2op1,0,3,12,3788,1460,1,2896092,23034,0,0,-0.16066967028466103,0.07861991985214725,0.09332260659694287,-0.44999999999999996,0.06160830090791179
cuw2vzt,3,4,14,4117,329,0,2895763,10637,0,1,0.07175146455094793,0.006978896704924115,0.0,0.012499999999999997,-0.11042944785276074
cuw40ra,0,5,8,5975,1858,3,2893905,23034,0,0,0.1189355928732337,-0.09705575582352832,0.0,-0.44999999999999996,0.019941634241245135
cuw47ew,5,6,71,6279,304,0,2893601,10637,0,0,-0.1051255872334426,0.030094117188565632,0.01368731563421829,0.38749999999999996,0.03041562256977448
cuw4iyw,-2,7,14,6812,533,5,2893068,23034,0,0,0.09496942745969982,0.02695060347694865,0.0,-0.575,-0.10505836575875487
cuw7e06,1,8,21,11793,4981,-2,2888087,10637,0,0,0.10370635176899305,-0.036940022213994804,0.0,0.26249999999999996,-0.06281040023371312
cuw8co0,1,9,30,13533,1740,1,2886347,23034,0,0,-0.07119598607413474,0.026950603476948626,0.0,-0.07500000000000001,-0.0383916990920882
cuwa9tg,1,3,14,16940,14612,1,2882940,-64,0,0,-0.0462462689386784,0.20489765695245157,0.0,-0.225,0.009691313711414212
cuw2xyp,2,3,80,4209,1881,1,2895671,54805,0,1,-0.017153311649911296,0.04753481511113333,0.0,0.4375,0.022612359550561803
cuw3655,0,4,0,4570,361,2,2895310,204010,0,1,,,,-0.7000000000000001,-0.13291139240506328
cuwa5kw,0,0,102,16736,16736,0,2883144,2152,0,0,0.2347163172555345,0.0768188947876448,0.009870660313138189,0.07500000000000001,0.07078485990496478
cuwikbz,1,1,75,34813,18077,0,2865067,1221,0,0,0.1172293781455259,0.0011742981336342808,0.0,0.11249999999999999,0.025845488924905458
cuw0q86,-9,0,26,700,700,0,2899180,14106,0,0,0.07532773237091453,0.0017438394276629485,0.035398230088495575,-0.2625,-0.08366789786414003
cuw0x6c,8,1,22,995,295,-9,2898885,10637,0,0,0.2024760031702233,0.09481673454276192,0.08926510196229319,0.1375,0.07138873396542109
cuw4k9k,-5,2,22,6872,5877,8,2893008,14106,0,0,0.33342489836281736,0.21713749395175225,0.13998390989541432,-0.1375,-0.03122034541658758
cuw0viu,7,1,24,924,224,-9,2898956,23317,0,0,0.1885623021920057,0.09155389699322754,0.0,0.23750000000000002,-0.09419079435783223
cuw4njj,-5,2,15,7021,6097,7,2892859,14106,0,0,0.37816174046808015,0.020344793322734502,0.0,-0.5125000000000001,-0.12212943632567849
cuw7i45,2,3,46,12000,4979,-5,2887880,262,0,0,0.15028496178921472,0.03613578228398479,0.044632550981146595,0.13749999999999996,-0.002819934372436439
cuw8ffn,0,4,63,13669,1669,2,2886215,14106,0,0,0.10974068783650154,0.17068127000892921,0.0855457227138643,0.11249999999999998,-0.011018325214567387
cuwanvv,2,5,273,17630,3961,0,2882254,262,0,0,0.06200824994270875,-0.005278346139864272,0.006580440208758793,0.13749999999999996,-0.008712592439007544
cuwbzaj,0,6,216,19945,2315,2,2879939,14106,0,0,0.00411203286574127,-0.004709552740014922,0.00841433338169157,0.11249999999999998,-0.011018325214567387
cuw0w4k,10,1,36,950,250,-9,2898934,204010,0,0,-0.04152787030868309,0.027433594052505225,0.0,0.17500000000000002,0.005977496483825617
cuw4imm,-1,2,23,6797,5847,10,2893087,14106,0,0,0.07083908600583785,0.08798462566844918,0.0,-0.012500000000000025,0.008305346283017156
cuw4ueb,0,3,173,7339,542,-1,2892545,204010,0,0,0.23430622359660036,0.04826112261199254,0.010637810078407996,0.30000000000000004,-0.011524109168069063
