comment_id,score,depth,length,time_since_submission,time_since_parent,parent_score,age,karma,submission_score,urls,alignment_content,alignment_syntax_3,alignment_syntax_4,alignment_features_binary,alignment_features_frequency
cuwpwc8,4,0,16,12263,12263,2,2838173,18312,2,0,-0.10944314641744537,0.04204095334004694,0.1953781512605042,0.0,-0.037500000000000006
cuwqycu,-3,1,10,14276,2013,4,2836160,10277,2,0,0.31330472103004303,-0.24396135265700486,0.0,-0.4,-0.11158798283261803
cuws50c,5,2,269,16337,2061,-3,2834099,6622,2,0,0.06277952816305825,-0.00724166361195834,0.07962328767123289,0.08749999999999998,0.012572913833227548
cuwsclu,2,3,128,16681,344,5,2833755,10277,2,0,-0.003831669156872979,-0.0254233409610984,0.09531693472090823,0.35,-0.010025482832618032
cuwx07i,-2,4,41,23992,7311,2,2826444,36675,2,0,-0.07817571523708658,0.1304537805024643,0.16847826086956522,0.125,-0.06651362984218077
cuwx3i2,1,5,14,24143,151,-2,2826293,10277,2,1,0.020914867892526234,-0.2888502415458941,0.07908163265306123,0.09999999999999999,-0.11158798283261803
cuxbd7l,0,6,24,46923,22780,1,2803513,36675,2,0,-0.17524280740333525,-0.10725570202971342,0.0,-0.12499999999999999,0.009705882352941175
cuxw16j,0,7,68,98763,51840,0,2751673,10277,2,2,0.042414121799696516,-0.10929468599033801,0.08976833976833977,0.35,-0.008646806362029802
cv0ru37,1,8,29,319814,221051,0,2530622,36675,2,0,0.19724618174694944,-0.1462217514124293,0.03571428571428572,0.0,-0.046328600405679515
cux1xga,3,3,21,31567,15230,5,2818869,1533,2,0,0.11870528225668416,0.07086203208556144,0.13839285714285715,-0.2625,0.13268213268213266
cuwr7ja,2,1,73,14732,2469,4,2835704,1205,2,0,-0.061522003795609896,0.07468309859154929,0.16817359855334538,0.012499999999999997,0.028368235973337513
cuwpjm5,2,0,98,11549,11549,2,2838887,299,2,0,0.10079964918731932,-0.0022430877381512016,0.09581043956043955,0.0,0.004986176146261165
cux1woc,1,1,89,31533,19984,2,2818903,3218,2,0,0.05692698553290074,-0.10843075364351977,0.08333333333333333,0.11249999999999999,0.03965733826505688
cv38x47,1,2,236,504641,473108,1,2345795,299,2,0,-0.08415640198017767,0.12497098347592005,0.13302879291251385,0.125,0.039316857571373584
cuwpne1,1,1,100,11761,212,2,2838675,21440,2,0,0.10468901063486942,0.022196544888133697,0.052223719676549867,0.2875,-0.0406896551724138
cuwqqda,3,2,71,13870,2109,1,2836566,84939,2,0,0.020799634144112563,0.08433488785254285,0.16238095238095238,0.02499999999999998,-0.06842301861088528
cuwpvd7,2,0,11,12209,12209,2,2838227,18312,2,0,0.5979963183234211,-0.27218126888217503,0.0,-0.12499999999999997,-0.1
cuwpvqy,2,1,4,12231,22,2,2838205,21440,2,0,-0.6116661295520469,0.6672121212121203,0.3690476190476191,-0.5875,-0.1206896551724138
cuwwcts,2,0,319,22990,22990,2,2827446,33149,2,0,0.33766549180804684,0.13974684636691195,0.25672877846790887,0.17499999999999996,0.01209092423485228
cuwy1h2,1,1,218,25593,2603,2,2824843,21440,2,0,0.1316031836606775,0.13816450216450207,0.1190950483779169,0.2875,0.016925023726668778
cuwyqgt,3,2,410,26662,1069,1,2823774,33149,2,1,0.012962375661952484,-0.07336241547615509,0.09804072817031781,0.17499999999999996,0.01388005184399671
cux8hwe,1,3,122,41794,15132,3,2808642,2736,2,0,-0.004576700285299164,0.06521427149964465,0.11654135338345867,0.11249999999999998,-0.006435788855813196
cuxbjxp,1,4,356,47272,5478,1,2803164,33149,2,0,0.010929108322033516,0.0016911804993939804,0.11014941690962099,0.17499999999999996,0.02617109048472019
