comment_id,score,depth,length,time_since_submission,time_since_parent,parent_score,age,karma,submission_score,urls,alignment_content,alignment_syntax_3,alignment_syntax_4,alignment_features_binary,alignment_features_frequency
cux5h86,25,0,20,125,125,11,2813041,23034,11,0,0.47852140077821026,-0.0006160477978352006,0.0,-0.2571428571428572,-0.10505836575875487
cux5iie,0,1,5,180,55,25,2812986,6139,11,0,0.5922222222222223,0.1755952380952381,0.0,-0.014285714285714282,-0.1
cux6lns,2,2,2,1855,1675,0,2811311,23034,11,0,-0.3014785992217898,-0.0485056581874456,,-0.8285714285714285,-0.10505836575875487
cux5wwh,2,2,30,791,611,0,2812375,5183,11,0,0.2669642857142857,0.1325584415584416,0.06359649122807018,0.3000000000000001,-0.024999999999999994
cux5xz2,21,2,51,837,657,0,2812329,24542,11,0,0.25003565062388594,0.030028672332442725,0.018500797448165865,0.2857142857142857,0.02816399286987524
cux5zys,-5,3,7,923,86,21,2812243,6139,11,0,-0.0020634920634920563,-0.035119047619047626,0.0,-0.15714285714285717,0.042857142857142844
cux7t8v,9,4,21,3815,2892,-5,2809351,158242,11,0,0.18669172932330827,0.0025085034013605473,0.0,0.21428571428571427,0.006015037593984945
cux7wzp,-4,5,9,3983,168,9,2809183,6139,11,0,0.10111111111111112,-0.035119047619047626,0.0,-0.1571428571428571,0.0111111111111111
cuxpags,2,6,20,39519,35536,-4,2773647,158242,11,0,0.1402631578947369,-0.05017006802721089,0.0,-0.07142857142857142,-0.0868421052631579
cuxwmpr,1,7,1,63016,23497,2,2750150,6139,11,0,-0.18777777777777777,,,-0.44285714285714295,-0.1
cux8n26,12,6,21,5183,1200,-4,2807983,107736,11,0,0.13174107142857144,0.04751482765808272,0.05087719298245614,0.37142857142857144,0.049851190476190466
cux8rub,-1,7,1,5410,227,12,2807756,6139,11,0,-0.18777777777777777,,,-0.44285714285714295,-0.1
cuxaixz,8,8,5,8517,3107,-1,2804649,18457,11,0,0.4391463414634146,0.33941402908468776,0.0,0.05714285714285714,-0.09146341463414634
cuxavrk,-9,9,2,9175,658,8,2803991,6139,11,0,0.46222222222222215,-0.03511904761904762,,-0.29999999999999993,-0.1
cuxg8fo,3,10,16,18579,9404,-9,2794587,47433,11,0,-0.26388274336283196,0.0074073454082828425,0.0,-0.07142857142857141,0.16150442477876106
cuxh10j,-1,11,14,19926,1347,3,2793240,6139,11,0,-0.09492063492063492,-0.03511904761904762,0.0,0.2714285714285714,-0.02857142857142858
cuxh4o5,3,12,18,20101,175,-1,2793065,47433,11,0,0.08820058997050156,0.007407345408282849,0.0,0.07142857142857147,0.07817109144542772
cuxhc85,0,13,7,20462,361,3,2792704,6139,11,0,0.5550793650793651,-0.03511904761904762,0.0,-0.15714285714285717,-0.1
cuxl80f,1,14,45,27594,7132,0,2785572,5755,11,0,0.07897039897039894,0.04456941413463153,0.022612085769980507,-0.09999999999999999,-0.019219219219219222
cuxlapf,1,15,19,27756,162,1,2785410,6139,11,0,0.08590643274853801,-0.03511904761904762,0.0,0.12857142857142861,0.005263157894736831
cuxldch,2,16,46,27916,160,1,2785250,5755,11,0,0.014912427955906218,-0.026784503686677594,0.0,0.042857142857142864,0.0005875440658049264
cuxlev8,1,17,19,28007,91,2,2785159,6139,11,0,-0.11935672514619886,0.010688405797101444,0.0,0.2714285714285714,0.005263157894736831
cuxlmcm,1,18,22,28464,457,1,2784702,5755,11,0,-0.09042354042354044,0.12854974539757152,0.0,-0.24285714285714285,-0.06265356265356266
cuxlnjp,1,19,14,28540,76,1,2784626,6139,11,0,-0.09492063492063495,0.04592490842490841,0.0,0.4142857142857143,-0.02857142857142858
cuxlpv5,1,20,27,28682,142,1,2784484,5755,11,0,0.0211926211926212,0.1285497453975715,0.03508771929824561,-0.09999999999999999,0.003003003003002991
cuxm0zy,2,21,1,29395,713,1,2783771,6139,11,0,-0.18777777777777777,,,-0.44285714285714295,-0.1
cuxm35q,1,22,30,29537,142,2,2783629,5755,11,0,-0.05102960102960102,-0.04704549269766661,0.0,-0.09999999999999999,0.05855855855855854
cuxm417,0,23,7,29595,58,1,2783571,6139,11,0,0.18365079365079365,-0.03511904761904762,0.0,-0.014285714285714266,-0.1
cuxejd7,-2,3,4,15778,14941,21,2797388,97715,11,0,0.05046583850931676,-0.050170068027210885,0.0,-0.24285714285714288,0.40683229813664595
cv1sbvx,1,4,14,360064,344286,-2,2453102,56544,11,0,0.12706766917293236,0.013065121882086167,0.0,-0.41428571428571426,0.06015037593984962
cuy0ha0,1,3,31,69234,68397,21,2743932,2156,11,0,0.06794763908368394,-0.02728517166535122,0.0,0.1142857142857143,0.021785881252921926
cux62kv,10,0,61,1036,1036,11,2812130,549,11,1,0.08221583404552872,0.05088271103896105,0.0,0.14285714285714285,0.05552534120632949
cux65gj,14,0,204,1159,1159,11,2812007,24643,11,0,0.09964349376114086,-0.055051480051480035,0.0,0.32857142857142857,0.010929730743972216
cux6vny,19,1,68,2300,1141,14,2810866,3218,11,0,0.035504201680672254,0.06604556158127586,0.013388734995383195,0.09999999999999999,0.032882718304713204
cuxbr9j,-8,2,74,10794,8494,19,2802372,297,11,0,0.08178998670801951,0.026924323586611624,0.0,0.12857142857142856,0.07567567567567568
cuxbv0u,6,3,92,10987,193,-8,2802179,3218,11,0,-0.048447204968944085,0.03320697159982875,0.009335264767423145,0.09999999999999999,-0.031055900621118
cuyg3ln,2,4,78,94511,83524,6,2718655,297,11,0,-0.13442622950819677,-0.008150269541778981,0.0,0.12857142857142856,-0.010256410256410262
cuz099b,1,5,21,152417,57906,2,2660749,824,11,0,-0.12491496598639457,-0.0010000150661403462,0.0,0.04285714285714283,0.13860544217687074
cuzn2pq,1,6,0,194494,42077,1,2618672,297,11,1,,,,-0.8714285714285713,-0.1
cuy4tn5,4,2,67,75845,73545,19,2737321,125,11,0,0.0029038481064067455,-0.028936580492487658,0.0,0.2285714285714286,0.03832876434155752
cux938g,5,2,39,5952,3652,19,2807214,3707,11,0,0.09103375527426158,-0.013708751044277358,0.0,0.35714285714285715,-0.030347289840960717
cux9cq5,7,3,75,6408,456,5,2806758,3218,11,0,0.1318571428571428,0.06684107005950862,0.0239422084623323,0.09999999999999999,-0.02221532091097307
cux9gys,2,4,24,6613,205,7,2806553,3707,11,0,-0.004799578059071728,-0.04004803675856308,0.0,0.35714285714285715,0.03375527426160338
cuxbegh,4,5,63,10136,3523,2,2803030,3218,11,0,0.098015873015873,-0.043416405023547884,0.0,0.09999999999999999,-0.03364389233954451
cuxapyy,4,0,201,8874,8874,11,2804292,6312,11,0,0.023911869225302057,-0.007323488469141892,0.00840945338552994,0.5285714285714286,0.03601990049751243
cux68vk,7,0,218,1304,1304,11,2811862,17778,11,0,0.15327495134834584,0.008134412220280923,0.017173736027833297,0.11428571428571428,0.04363358354184042
cuxfz87,1,1,10,18168,16864,7,2794998,5902,11,0,-0.2371069182389937,-0.062148876404494374,0.0,-0.14285714285714288,0.011949685534591206
cuxh59x,2,2,5,20129,1961,1,2793041,258,11,0,-0.23442622950819675,-0.06564307966177124,0.0,-0.6428571428571429,-0.09836065573770492
cuxgsfm,3,2,28,19502,1334,1,2793672,17778,11,0,-0.14744588744588746,-0.07154746052881869,0.0,-0.02857142857142858,-0.017965367965367976
cuxkmn2,1,3,7,26356,6854,3,2786818,5902,11,0,-0.051392632524707986,-0.06214887640449438,0.0,-0.42857142857142855,-0.0880503144654088
cux5w9j,5,0,15,764,764,11,2812410,2848,11,0,0.22564102564102564,-0.05172572905131045,0.0,-0.2285714285714286,0.07573964497041422
cux5xir,0,1,10,817,53,5,2812357,6139,11,0,0.9822222222222222,0.1755952380952381,0.0,-0.014285714285714282,-0.1
cux6k46,5,2,7,1789,972,0,2811385,2848,11,0,-0.021978021978021952,-0.05172572905131045,0.0,-0.5142857142857143,-0.1242603550295858
cux6lvt,0,3,9,1866,77,5,2811308,6139,11,0,0.10111111111111112,0.07023809523809522,0.0,0.12857142857142861,0.0111111111111111
cux76y2,9,4,13,2799,933,0,2810375,2848,11,0,0.09230769230769229,0.2116671280915467,0.18500797448165868,-0.08571428571428573,-0.1242603550295858
cux77p3,0,5,4,2831,32,9,2810343,6139,11,0,-0.18777777777777777,-0.03511904761904762,0.0,-0.3,-0.1
cux6oq7,5,2,47,1992,1175,0,2811182,7683,11,0,0.32639837366281127,0.033166705827067676,0.020766201217329035,0.014285714285714282,0.03303990841984762
cux6x0g,-1,3,2,2359,367,5,2810815,6139,11,0,-0.18777777777777777,-0.03511904761904762,0.0,-0.3000000000000001,-0.1
cuxwmv6,1,3,189,63023,61031,5,2750151,16552,11,0,0.308259414877062,0.06914472513787584,0.04646318993831611,0.5714285714285715,-0.001517273576097114
cuxzfe4,1,4,118,67625,4602,1,2745549,7683,11,0,0.04300493695166818,0.03166160378625134,0.021961378265808407,0.014285714285714282,-0.03529763214993239
cuxpq7k,1,1,4,41309,40545,5,2771865,60813,11,0,0.08602941176470588,-0.029367844698855155,0.0,-0.48571428571428577,0.12132352941176472
cuxquzf,1,2,23,46394,5085,1,2766780,2848,11,0,0.18795986622073577,-0.005918275635161384,0.0,0.05714285714285716,0.1366092101878055
cuxqxtq,-1,3,19,46751,357,1,2766423,60813,11,0,-0.03370743034055727,-0.029367844698855148,0.0,0.08571428571428573,-0.023413312693498445
cuxrlve,3,4,21,49723,2972,-1,2763451,2848,11,0,-0.08388278388278388,-0.007826919527500923,0.0,0.20000000000000004,-0.07664130741053818
cux9xx5,2,0,56,7469,7469,11,2805705,10007,11,1,0.04576276973504508,0.041792600178354504,0.029072681704260653,0.04285714285714285,0.02526632067741054
cuxax6q,0,1,2,9249,1780,2,2803925,6139,11,0,-0.18777777777777777,-0.03511904761904762,,-0.44285714285714295,-0.1
cuxkwvb,1,1,33,26941,19472,2,2786233,37239,11,0,0.06815931593159316,-0.025090399796282144,0.0,-0.1142857142857143,0.07043204320432044
cux6k8f,4,0,16,1795,1795,11,2811379,1981,11,1,-0.001731263776634807,-0.051210536061475784,0.0,-0.5142857142857143,-0.07342946362968406
cuxbhwg,1,0,88,10317,10317,11,2802857,13581,11,0,0.24292929292929294,0.3077287814129919,0.2999076638965836,0.07142857142857141,-0.029725829725829725
cuxbjwl,1,1,20,10419,102,1,2802755,6139,11,0,0.26722222222222214,-0.03511904761904761,0.0,0.4142857142857142,0.0
cuxc1yc,0,2,50,11353,934,1,2801821,13581,11,0,0.07511111111111109,0.04736342837522509,0.017851646660510926,0.07142857142857141,0.019365079365079377
cuxc39y,1,3,4,11420,67,0,2801754,6139,11,0,0.4622222222222222,-0.035119047619047626,0.0,-0.014285714285714282,-0.1
cuxgxce,1,4,19,19743,8323,1,2793431,13581,11,0,0.05321637426900586,0.006708373249726633,0.0,0.07142857142857141,-0.06800334168755222
cuxh05o,2,5,6,19882,139,1,2793292,6139,11,0,-0.18777777777777777,-0.03511904761904762,0.0,-0.014285714285714282,-0.1
