comment_id,score,depth,length,time_since_submission,time_since_parent,parent_score,age,karma,submission_score,urls,alignment_content,alignment_syntax_3,alignment_syntax_4,alignment_features_binary,alignment_features_frequency
cux7k9x,44,0,65,662,662,19,2809718,15460,19,0,0.05223113533252699,0.08333563777814654,0.01408450704225352,0.1857142857142857,0.011224957944639874
cux7lwg,-1,1,24,735,73,44,2809645,2848,19,1,0.15870240870240868,-0.058201058201058205,0.0,0.028571428571428564,0.04240631163708086
cuxxsph,0,2,46,62297,61562,-1,2748083,6665,19,0,0.11689909762100084,0.05289016948231107,0.022222222222222223,0.07142857142857141,0.1358695652173913
cux887t,4,2,162,1757,1022,-1,2808627,15460,19,0,0.010457271336440772,0.008643795229161082,0.016574585635359115,0.1857142857142857,0.027084407137422384
cux8jit,1,3,34,2276,519,4,2808108,2848,19,0,0.05992047168517756,0.027116402116402125,0.028571428571428567,0.17142857142857146,0.022798468499825975
cuxctc0,3,4,58,10025,7749,1,2800359,15460,19,0,0.02687947549810853,0.056498690166550986,0.014285714285714284,0.1857142857142857,-0.02378830465482963
cuxdkzd,3,5,13,11411,1386,3,2798973,2848,19,2,-0.08857808857808859,-0.05820105820105821,0.0,-0.39999999999999997,0.18343195266272191
cuxd6zn,4,3,40,10712,8955,4,2799672,6584,19,0,-0.04945609945609945,-0.010542661000326902,0.022222222222222223,0.22857142857142856,0.007051282051282054
cux7pvx,14,2,28,920,185,-1,2809464,15460,19,1,-0.06671658361519194,-0.0588601294176207,0.0,0.04285714285714285,0.05133484805452998
cux7wj1,3,3,21,1220,300,14,2809164,2848,19,0,0.1518481518481519,0.1744829244829245,0.047619047619047616,-0.1142857142857143,0.06621583544660467
cuxtd7x,9,4,35,53013,51793,3,2757371,1248,19,0,-0.01217316017316017,0.015367025188453764,0.0,-0.02857142857142858,0.04742857142857143
cuxtvau,-8,5,99,54381,1368,9,2756003,2848,19,0,0.02057874785147511,0.032620754394947944,0.024390243902439025,0.17142857142857146,-0.01314924391847469
cuxvezy,5,6,96,57954,3573,-8,2752430,30730,19,0,0.13215244934898115,0.03531286388429246,0.019230769230769232,0.31428571428571433,0.010537090558766851
cuxvo24,-6,7,27,58460,506,5,2751924,2848,19,0,-0.04921004921004919,0.007851169141491724,0.0,0.17142857142857146,-0.050186280955511725
cuxw1no,3,8,52,59194,734,-6,2751190,30730,19,0,0.04172898392551573,-9.708957077378131e-05,0.017857142857142856,0.31428571428571433,0.03056914184081813
cuxwbaf,-4,9,50,59692,498,3,2750692,2848,19,0,0.007086247086247083,0.02571775522595195,0.0,0.028571428571428564,-0.0042603550295857995
cuycn63,2,10,26,85623,25931,-4,2724761,310,19,0,0.05391234280123167,0.01507617772678012,0.0,0.29999999999999993,-0.006837606837606827
cuxwxk0,2,10,120,60826,1134,-4,2749558,30730,19,0,0.04099083318736497,-0.04138189362069959,0.015037593984962405,0.31428571428571433,0.0042870905587668595
cuxx8zs,0,11,59,61371,545,2,2749013,2848,19,0,0.01801588242266209,-0.028089013383131033,0.014925373134328358,0.17142857142857146,0.028282017851770147
cuxxq4t,2,12,96,62179,808,0,2748205,30730,19,0,0.04818780288433469,-0.0043333090502901865,0.009523809523809525,0.31428571428571433,-0.02071290944123315
cuxygz4,-1,13,16,63392,1213,2,2746992,2848,19,0,-0.03321678321678322,0.062247121070650474,0.0625,0.028571428571428564,0.0632396449704142
cuxyyh8,2,14,37,64164,772,-1,2746220,30730,19,0,0.03813798033451214,-0.07194337194337196,0.0,0.31428571428571433,-0.04999218872051242
cuy1ht3,-1,15,14,68042,3878,2,2742342,2848,19,0,0.06959706959706961,-0.058201058201058205,0.0,-0.2571428571428571,0.018596787827557054
cuy1mi1,2,16,13,68241,199,-1,2742143,30730,19,0,0.17459611679264855,-0.07194337194337194,0.0,0.0285714285714286,-0.10404624277456648
cuy1y7o,0,17,24,68726,485,2,2741658,2848,19,0,0.014763014763014748,-0.021636432350718073,0.0,-0.2571428571428572,-0.040927021696252466
cuxznfa,-1,9,48,65222,6028,3,2745162,29325,19,0,-0.04874633913095451,-0.012919170381856953,0.018518518518518517,0.028571428571428564,-0.0342948717948718
cuy0l3v,2,10,36,66657,1435,-1,2743727,30730,19,0,0.14014908234561413,0.027940484038045017,0.0,0.31428571428571433,-0.048490687219010925
cuxu3xf,7,6,155,54993,612,-8,2755391,1248,19,0,0.03558553274682307,0.030687430339367404,0.028409090909090908,0.11428571428571428,-0.007870967741935478
cuxuntc,-6,7,122,56314,1321,7,2754070,2848,19,0,-0.026137796629599915,0.010975260975260968,0.02040816326530612,0.17142857142857146,-0.0013095353574546498
cuxvksv,6,8,93,58279,1965,-6,2752105,30730,19,0,0.030775779423924118,-0.0009862762338009828,0.0,0.31428571428571433,0.024986015289949648
cuxvywm,-3,9,107,59046,767,6,2751338,2848,19,0,0.059603947454414725,0.0038480038480038494,0.007633587786259541,0.17142857142857146,0.03461814964331139
cuxw5gs,3,10,11,59395,349,-3,2750989,30730,19,0,-0.07503304192741922,0.030437580437580432,0.0,-0.11428571428571428,0.07777193904361535
cuxwd3n,-1,11,13,59784,389,3,2750600,2848,19,0,0.08857808857808859,-0.058201058201058205,0.0,-0.1142857142857143,0.02958579881656806
cuxwr0q,3,12,16,60492,708,-1,2749892,30730,19,0,0.036192853389385195,-0.07194337194337194,0.0,0.17142857142857146,0.14595375722543352
cuxwy6c,-1,13,12,60854,362,3,2749530,2848,19,0,-0.0811965811965812,-0.0582010582010582,0.0,-0.2571428571428571,-0.1242603550295858
cuxx4f1,6,14,32,61149,295,-1,2749235,30730,19,0,0.00020800490453669833,-0.04183132712544477,0.0,0.31428571428571433,-0.010296242774566478
cuxxe5p,-1,15,54,61618,469,6,2748766,2848,19,0,0.07873607873607875,-0.02349565061429468,0.0,0.17142857142857146,0.04240631163708086
cuxxlxk,4,16,113,61987,369,-1,2748397,30730,19,0,-0.057431442668539175,0.016040259009009007,0.023622047244094488,0.31428571428571433,-0.01555066755332754
cuxxwl2,-2,17,83,62476,489,4,2747908,2848,19,0,0.017075294183727927,0.009302866445723581,0.011111111111111112,0.17142857142857146,0.020317958223426247
cuxyj4x,3,18,48,63488,1012,-2,2746896,30730,19,0,-0.011786944590412782,0.022853806187139513,0.0,0.31428571428571433,0.00012042389210019377
cuy1bxr,0,19,22,67788,4300,3,2742596,2848,19,1,-0.020131383767747434,0.023703703703703692,0.0,-0.2571428571428572,-0.07880580957504034
cuy1l2r,1,20,12,68180,392,0,2742204,30730,19,0,0.012202954399486217,0.184009009009009,0.18181818181818182,0.02857142857142858,-0.02071290944123315
cuy1rxg,0,21,19,68468,288,1,2741916,2848,19,0,0.06526806526806529,0.15733778891673628,0.11111111111111112,0.028571428571428564,-0.07162877608221738
cuxvfim,8,8,340,57983,1669,-6,2752401,1248,19,0,-0.002980392156862738,0.011312474861409863,0.015463917525773196,0.11428571428571428,-0.012235294117647053
cuxvsob,-9,9,28,58710,727,8,2751674,2848,19,0,0.11072261072261075,0.012406495165115853,0.0,0.028571428571428564,-0.05283178360101437
cuxvuau,5,10,12,58800,90,-9,2751584,1248,19,0,-0.01765656565656567,0.025429035250463826,0.0,-0.02857142857142858,-0.04066666666666667
cuxw0i2,-5,11,14,59133,333,5,2751251,2848,19,0,0.06959706959706961,0.12247121070650484,0.125,-0.2571428571428571,-0.1242603550295858
cuxwcl9,3,12,32,59758,625,-5,2750626,1248,19,0,0.11428787878787877,0.07070808052950911,0.0,-0.02857142857142858,0.0010000000000000009
cuxwi63,-2,13,18,60043,285,3,2750341,2848,19,0,-0.11318311318311322,-0.007010582010582019,0.0,-0.2571428571428571,-0.01314924391847469
cuxxk0p,-2,13,31,61895,2137,3,2748489,2848,19,0,0.08286337318595385,-0.05820105820105819,0.0,0.17142857142857146,0.00477190303493033
cuxxom5,2,14,79,62111,216,-2,2748273,1248,19,0,0.06737092443421556,0.05611263736263736,0.05555555555555555,0.11428571428571428,0.015240506329113918
cuxy3fk,-4,15,25,62782,671,2,2747602,2848,19,0,0.05314685314685314,0.014928193499622076,0.0,-0.2571428571428572,0.03573964497041421
cuy020h,4,16,219,65845,3063,-4,2744539,1248,19,0,0.01652082468520825,-0.014828987150415727,0.00796812749003984,0.11428571428571428,-0.0007123287671232936
cuy1la1,-4,17,26,68188,2343,4,2742196,2848,19,0,0.044289044289044274,0.005787037037037034,0.0,0.028571428571428564,-0.08579881656804733
cuy6e83,2,18,3,75524,7336,-4,2734860,1248,19,0,0.55810101010101,-0.06764455782312925,0.0,-0.6,-0.124
cux7y2j,15,4,20,1290,70,3,2809094,15460,19,0,0.11423579733718897,0.08075026019276894,0.0,0.04285714285714285,0.0227634194831014
cux8497,-5,5,24,1573,283,15,2808811,2848,19,0,0.15870240870240868,0.15362160189746396,0.07142857142857142,0.028571428571428564,0.000739644970414205
cuxsyar,5,6,35,51789,50216,-5,2758595,133804,19,0,0.03893375010853524,0.035515264896708185,0.0,0.12857142857142856,0.008268522308636922
cuxta7u,-3,7,46,52773,984,5,2757611,2848,19,0,0.09820614168440256,-0.018051665110488644,0.019999999999999997,-0.11428571428571425,0.04965268844867507
cux8b58,16,6,21,1891,318,-5,2808493,15460,19,0,-0.011882528781137117,0.07468024325318674,0.045454545454545456,0.04285714285714285,-0.07961753289785098
cuxc1qf,16,1,35,8599,7937,44,2801785,133804,19,0,-0.026867115692330586,0.007844737226180527,0.02777777777777778,0.2714285714285714,-0.020302906262791645
cuxwahg,-11,2,19,59652,51053,16,2750732,4925,19,1,-0.08019357068786724,0.0032657401078453525,0.047619047619047616,0.1285714285714286,0.017810686411847104
cuxwmz3,9,3,39,60285,633,-11,2750099,133804,19,1,0.10389101506580017,0.04557727495871824,0.02325581395348837,0.2714285714285714,0.022187936228050834
cuy4y5v,-6,4,131,73294,13009,9,2737090,4925,19,2,-0.016811659977712265,-0.020160946584147445,0.00684931506849315,0.4142857142857143,0.08812004760107972
cuy632k,7,5,50,75057,1763,-6,2735327,133804,19,0,-0.007126855952070841,-0.010266880885437575,0.0,0.2714285714285714,-0.02601719197707736
cuy7tx1,-3,6,108,77687,2630,7,2732697,4925,19,2,0.0011756773480474422,-0.02321861564480307,0.008196721311475409,0.4142857142857143,0.05143641740599916
cuy7ucs,-4,6,16,77706,2649,7,2732678,4925,19,0,-0.05746629796059455,-0.032929546087440816,0.0,0.1285714285714286,0.03754752851711027
cuxi8lk,3,0,61,19267,19267,19,2791117,3615,19,1,0.015101838052657723,0.10047609311563512,0.0909090909090909,0.35714285714285715,-0.04406943105110896
cuyzmhf,1,0,78,148258,148258,19,2662126,24835,19,0,-0.055112012278404385,-0.039779697273842465,0.012048192771084336,0.0857142857142857,-0.013475267182021716
cuxi3v2,1,0,0,19037,19037,19,2791347,9788,19,1,,,,-0.6285714285714287,-0.0845771144278607
cuyb2pe,0,0,213,83073,83073,19,2727311,6978,19,3,-0.013567102357009475,-0.015598468952384193,0.004347826086956522,0.014285714285714282,-0.019733809751063563
