comment_id,score,depth,length,time_since_submission,time_since_parent,parent_score,age,karma,submission_score,urls,alignment_content,alignment_syntax_3,alignment_syntax_4,alignment_features_binary,alignment_features_frequency
cuxt5tj,18,0,29,4816,4816,2,2757724,133804,2,0,0.21531547483371985,0.005838229316779395,0.03398268398268398,0.1375,0.03191384250568126
cuyyv67,1,1,40,98869,94053,18,2663671,4094,2,0,0.09737643025002889,0.12369828182549024,0.04973075704783022,0.36249999999999993,0.08550583657587547
cuxvxz8,7,1,61,11395,6579,18,2751145,3997,2,0,0.22002321460965493,-0.0746758121758122,0.0,0.2375,-0.03007760481241678
cuxw97d,6,1,74,11984,7168,18,2750556,968,2,0,0.02991560637594185,0.030515004055150022,0.02614052614052614,0.2,0.02150928434547017
cuy2hag,1,2,27,21924,9940,6,2740616,14974,2,0,0.10010493200751286,-0.0018105977264392865,0.0,0.03749999999999999,0.10310864881502
cuxs7qu,8,0,146,1765,1765,2,2760775,23034,2,0,0.16246890932896932,0.08385522455427664,0.12987012987012986,0.04999999999999999,0.04562656574809444
cuxwkk1,-5,1,7,12560,10795,8,2749980,5424,2,0,-0.2043930443464515,0.3226584980970945,0.0,-0.02499999999999998,-0.11176470588235295
cuxwveg,1,2,11,13113,553,-5,2749427,57428,2,0,0.21897563250300922,0.15214230214230226,0.10194805194805195,-0.03749999999999999,-0.02957283680175246
cuxyzcg,-1,3,53,16596,3483,1,2745944,5424,2,0,0.23141064383907872,-0.07058154645873946,0.0,0.475,0.03917869034406214
cuxxneh,4,2,14,14452,1892,-5,2748088,23034,2,0,0.3110418879575562,0.3755218912209432,0.3136863136863137,-0.07500000000000001,-0.03362979433018344
cuxy6x7,1,3,6,15336,884,4,2747204,5424,2,1,-0.17091826829741794,-0.14757959714100063,0.0,-0.4,-0.11176470588235295
cuxyfr8,-3,4,30,15732,396,1,2746808,23034,2,0,0.30434693274774965,0.32849808169713357,0.17990832696715048,-0.07500000000000001,0.028274967574578466
cuxyups,0,5,100,16397,665,-3,2746143,5424,2,2,-0.03969714618520678,0.0020416149802115016,0.015564588083672056,0.475,0.07823529411764706
cuy4c6u,0,6,30,24756,8359,0,2737784,23034,2,0,0.25748224627910266,-0.0068434286443765395,0.03185876623376624,-0.07500000000000001,-0.0383916990920882
cuy4ii6,1,7,15,25021,265,0,2737519,5424,2,0,-0.1240535818287711,0.11059033749952224,0.0,0.10000000000000003,-0.04509803921568628
cuxsc4g,4,1,169,2188,423,8,2760352,57428,2,1,0.17889233423235387,-0.021376742470492472,0.016012783028489835,0.4625,0.009695587082056034
cuxyz7w,2,2,30,16591,14403,4,2745949,88725,2,0,0.3058725719900234,-0.027163040760190032,0.03398268398268398,0.35,0.016030534351145043
cuy06bc,1,3,41,18424,1833,2,2744116,57428,2,0,-0.07717593387314049,0.04023050120611095,0.07646103896103895,0.4625,0.0014692918013517464
cuxt8e2,5,2,522,5023,2835,4,2757517,23034,2,0,0.059788683819408384,-0.011172746124735667,0.02836815358554489,0.04999999999999999,0.032872668724003754
cuxwzda,-5,3,47,13306,8283,5,2749234,57428,2,0,0.327752467633331,0.06757379094335612,0.045310245310245315,0.2125,0.028454242501922578
cuxxmv5,5,4,15,14427,1121,-5,2748113,23034,2,0,0.16375287334180888,0.14040284360189567,0.0,-0.325,0.028274967574578466
cuy14lg,0,5,27,19874,5447,5,2742666,30743,2,0,0.14851268164291775,0.08956916099773243,0.0,0.2125,-0.0324348016655709
cuy4a0g,0,6,11,24668,4794,0,2737872,23034,2,0,0.018898387893264052,0.192651520850573,0.2780401416765053,-0.575,0.16766890696851783
cuy4min,0,7,7,25194,526,0,2737346,30743,2,0,-0.0225806181632533,-0.0236363063744016,0.0,-0.4125,-0.10650887573964497
cuy52od,4,8,3,25885,691,0,2736655,23034,2,0,-0.023705872532778328,-0.17308921989016773,0.0,-0.575,-0.10505836575875487
cuy5839,-3,9,15,26117,232,4,2736423,30743,2,0,0.04436893393481363,0.09827727387251198,0.0,0.08750000000000001,-0.10650887573964497
cuy5efl,3,10,43,26392,275,-3,2736148,23034,2,0,-0.06730092971291517,0.01367200942425304,0.044325239977413895,-0.2,0.011220704008686994
cuygqz5,1,6,243,45428,25554,0,2717112,7988,2,1,0.008513573923039244,0.018420240738962524,0.026430976430976433,0.1625,0.012407319349782495
cuyi3o5,1,7,33,48071,2643,1,2714469,30743,2,0,0.0017646735087709995,-0.026931268002696563,0.02831890331890332,0.2125,0.045006275775506546
cuyejai,2,6,11,41275,21401,0,2721265,19449,2,0,-0.07430975655705105,-0.08216865969108123,0.0,-0.36250000000000004,-0.13488372093023257
cuyi5eq,-1,7,13,48169,6894,2,2714371,30743,2,0,-0.09983010135333059,-0.072401738473167,0.0,0.08750000000000001,-0.10650887573964497
cuyxxol,2,8,21,96490,48321,-1,2666050,19449,2,0,0.07784831639310108,-0.0010696258746561074,0.09268004722550179,0.012499999999999997,-0.08726467331118495
cuy0hv5,0,5,18,18913,4486,5,2743627,57428,2,0,0.04855859079883886,-0.018015154779860664,0.0,0.08750000000000001,0.046184738955823285
cuxx6y3,6,4,20,13665,359,-5,2748875,11440,2,0,0.1704462227044622,0.09974747474747488,0.09709338280766854,0.0625,-0.012328767123287662
cuxxa8n,-2,5,51,13830,165,6,2748710,57428,2,2,0.24153082919914967,0.001675772438484303,0.017577250335871028,0.4625,-0.0028348688873139627
cuxxo2z,4,6,14,14483,653,-2,2748057,23034,2,0,0.1101932316633553,-0.10854673623003701,0.0,-0.2,0.037798777098387984
cuy1ut5,-4,7,16,20983,6500,4,2741557,57428,2,0,-0.06860312537277831,-0.018015154779860706,0.0,-0.037500000000000006,0.004518072289156627
cuy49do,5,8,14,24642,3659,-4,2737898,23034,2,0,0.21061755981045582,-0.1730892198901678,0.0,-0.2,0.037798777098387984
cuygokl,3,7,22,45293,30810,4,2717247,7988,2,0,0.13264450553471904,-0.07440203007633821,0.0,0.03749999999999999,-0.07794060433147451
cuy13sj,0,3,59,19841,14818,5,2742699,30743,2,0,0.17145960910402538,0.028612370874275657,0.06577293674067868,0.3375,0.04603349714171097
cuxx1rm,7,2,62,13420,11232,4,2749120,14867,2,0,0.32237347535974165,-0.0637580515297906,0.02998472116119175,0.275,-0.030841325196163907
cuxx37p,1,3,24,13485,65,7,2749055,57428,2,0,0.34146288122788176,-0.009947344322344315,0.0,0.4625,0.004518072289156627
cuxxdr9,6,4,76,13995,510,1,2748545,14867,2,0,0.2829880427587566,0.06019912985274428,0.06216344630978776,0.275,0.04640825035561877
cuy0rsj,-1,5,72,19337,5342,6,2743203,57428,2,0,0.14619335427518654,-0.0008038258038258058,0.0,0.4625,-0.009370816599732268
cuy1cer,8,6,68,20204,867,-1,2742336,14867,2,0,0.25034236333013266,-0.04555722891566269,0.03729806778587266,0.275,0.006160572337042924
cuy1m6c,-1,7,94,20623,419,8,2741917,57428,2,1,0.22305476382039638,0.11921595125478629,0.04997453526865291,0.4625,0.0071776467572417235
cuy2ls2,2,8,118,22112,1489,-1,2740428,14867,2,0,0.07792891061895918,-0.06436965811965806,0.0,0.275,0.06647961520842877
cuy2sqn,-1,9,24,22400,288,2,2740140,57428,2,0,0.34146288122788176,-0.10321123321123322,0.0,0.3375,0.004518072289156627
cuy2vyw,2,10,15,22533,133,-1,2740007,14867,2,0,0.16212648291856213,0.12251984126984129,0.0,0.024999999999999994,0.08851351351351353
cuy2zzx,1,11,44,22702,169,2,2739838,57428,2,0,0.1550692418639454,0.17561229620053156,0.10194805194805194,0.4625,0.06133625410733845
cuy3ake,1,12,243,23154,452,1,2739386,14867,2,1,-0.031118026717586685,0.04152467988434532,0.05706047683659624,0.275,0.04489211433655879
cuy3ww4,0,13,42,24114,960,1,2738426,57428,2,0,0.21593247104400626,0.09142644794818712,0.045310245310245315,0.3375,0.046184738955823285
cuy4hka,2,14,121,24982,868,0,2737558,14867,2,0,0.11022674749047383,0.08536522633744857,0.09890482651676681,0.275,0.004215992852356493
cuy2kya,5,7,43,22077,1873,8,2740463,14974,2,0,0.03713429385842665,-0.027934936350777897,0.0,0.16250000000000003,-0.07260194550022547
cuy2xog,-1,8,8,22606,529,5,2739934,57428,2,0,0.10713944888464749,-0.14710012210012208,0.0,-0.2875,-0.12048192771084337
cuy370v,2,9,73,23004,398,-1,2739536,14974,2,0,0.2342078400152086,-0.03190319031903189,0.01307026307026307,0.16250000000000003,0.03157135809964709
cuy393m,0,10,17,23093,89,2,2739447,57428,2,0,0.4896379928566917,0.12720543345543342,0.06796536796536796,0.2125,-0.06165839829907867
cuy6nxp,2,11,130,28323,5230,0,2734217,14974,2,0,0.0768728652110896,-0.07038698661532822,0.028516937607846703,0.16250000000000003,-0.026805881099509904
cuy6sq1,1,12,59,28519,196,2,2734021,57428,2,0,0.22330826915650515,-0.0018795338648279851,0.060864508625702654,0.4625,-0.018787012456606078
cuy8o7b,3,13,68,31515,2996,1,2731025,14974,2,0,0.22032969958230952,-0.018014301430143,0.02614052614052614,0.16250000000000003,-0.0014665145836728066
cuy8zih,0,14,154,32119,604,3,2730421,57428,2,0,0.19158717937198178,0.04692088060990502,0.03127240857302207,0.4625,0.04834924112032546
cuy3rt7,2,0,72,23895,23895,2,2738645,9117,2,0,0.15816831683168325,-0.04054548515992822,0.0,0.2874999999999999,0.022222222222222227
cuyczx8,1,0,31,38605,38605,2,2723935,679,2,0,0.1317394412252285,-0.06409333624426346,0.030893349075167262,-0.06250000000000001,0.03149001536098309
cuye52b,0,1,7,40569,1964,1,2721971,57428,2,0,0.38330635128917373,-0.14710012210012202,0.0,0.08750000000000001,0.022375215146299476
cuygtac,2,2,39,45558,4989,0,2716982,679,2,0,0.2177937042197661,0.02091383735688434,0.05097402597402598,-0.06250000000000001,-0.02723620465555951
cuynn3u,1,0,106,59755,59755,2,2702785,5341,2,0,0.08224202900413795,0.06477730771490689,0.025276376516045935,0.1875,-0.04165860935384956
cuxs55s,1,0,13,1492,1492,2,2761048,6250,2,0,0.01791222391469913,-0.20792840945902158,0.0,0.1,0.07451923076923078
cuy52ie,-1,0,13,25877,25877,2,2736667,38658,2,0,0.26590302107133784,0.23717451588644498,0.09268004722550179,0.16250000000000003,-0.0008205128205128198
