comment_id,score,depth,length,time_since_submission,time_since_parent,parent_score,age,karma,submission_score,urls,alignment_content,alignment_syntax_3,alignment_syntax_4,alignment_features_binary,alignment_features_frequency
cuy5nfu,11,0,112,7020,7020,21,2735687,28147,21,0,0.049108746408045974,-0.06627166641690971,0.0,0.19999999999999996,0.001128899835796393
cuy90td,-15,1,145,12436,5416,11,2730271,23481,21,0,-0.013074712643678179,-0.009566295200414169,0.006211180124223602,0.23750000000000002,-0.0017763845350052265
cuybvl9,4,2,38,17007,4571,-15,2725700,33822,21,0,-0.06999921679197994,-0.009698247770143205,0.0,0.1875,-0.050304332259219486
cuyb7k5,3,2,8,15929,3493,-15,2726778,31039,21,0,-0.24687584856987693,0.1066713401098259,0.0,-0.5375000000000001,-0.12382331643736423
cuybxae,1,3,25,17082,1153,3,2725625,23481,21,0,-0.09770833333333331,-0.10444512464714482,0.0,-0.1375,0.007878787878787874
cuyc04v,0,4,30,17212,130,1,2725495,31039,21,0,-0.0764331402365436,-0.09826693149511229,0.0,-0.16250000000000003,0.0095100168959691
cuyc2g8,2,5,55,17319,107,0,2725388,23481,21,0,-0.14583333333333334,-0.05144384750793669,0.01754385964912281,0.23750000000000002,0.033333333333333326
cuyc6jk,0,6,39,17507,188,2,2725200,31039,21,0,0.003775193096789743,-0.007183255226250913,0.0,0.08749999999999998,0.004381811767763963
cuybcct,1,3,9,16143,214,3,2726564,5618,21,0,0.1454758986928105,-0.085988085988086,0.0,0.04999999999999999,0.0008169934640522847
cuy97sq,13,2,35,12758,322,-15,2729949,28147,21,0,0.05125718390804597,-0.030945095142626014,0.0,-0.05000000000000003,0.05648604269293925
cuya8mh,-6,3,24,14381,1623,13,2728326,23481,21,3,-0.035546875000000006,-0.02562271249139937,0.04,0.1125,0.054545454545454536
cuyc1mg,5,4,77,17279,2898,-6,2725428,33822,21,1,0.09858630952380952,-0.03889003645805591,0.0,0.1875,0.0006184291898577443
cuyc5pq,-4,5,43,17469,190,5,2725238,23481,21,0,-0.022722868217054274,-0.06262098758491255,0.0,0.23750000000000002,-0.019097956307258634
cuycbkf,2,6,249,17735,266,-4,2724972,33822,21,0,0.058425666953528424,-0.003185378969138809,0.023809523809523808,0.1875,0.02335874108679617
cuyci60,-1,7,57,18032,297,2,2724675,23481,21,0,-0.06984649122807018,0.02994062722494582,0.03333333333333333,0.1125,-0.0419457735247209
cuyd6ws,5,8,100,19184,1152,-1,2723523,33822,21,1,-0.022507440476190473,-0.017663285637141847,0.01694915254237288,0.1875,0.0407482993197279
cuye2pu,2,9,96,20698,1514,5,2722009,23481,21,0,-0.0982096354166667,-0.0762426102060983,0.0,0.23750000000000002,0.012878787878787878
cuyn515,3,5,42,38845,21566,5,2703862,1271,21,0,0.07336128048780484,0.0027401572384988374,0.021276595744680854,-0.03749999999999999,-0.009291521486643445
cuybs98,6,4,46,16857,2476,-6,2725850,28147,21,0,0.01314577086456772,0.016966567148121253,0.02,0.19999999999999996,-0.04972513743128436
cuybw2i,0,5,90,17027,170,6,2725680,23481,21,0,0.014583333333333308,0.037873119522951186,0.018691588785046728,0.23750000000000002,-0.0010101010101010166
cuyc7c3,6,6,92,17543,516,0,2725164,33822,21,0,0.06903467908902693,0.042779877604422305,0.00980392156862745,0.1875,-0.009686483288967762
cuyccc6,-1,7,96,17770,227,6,2724937,23481,21,0,-0.07314453125000002,0.02250778696653372,0.008928571428571428,0.23750000000000002,-0.03920454545454545
cuyclkt,6,8,60,18192,422,-1,2724515,33822,21,0,0.13790922619047621,-0.027996307734869826,0.0,0.1875,0.004081632653061218
cuycpuo,-2,9,106,18389,197,6,2724318,23481,21,0,-0.023250786163522035,-0.030667346869367087,0.016129032258064516,0.23750000000000002,0.010520297312750143
cuydjb2,3,10,230,19762,1373,-2,2722945,33822,21,0,0.058572722567287794,-0.030209681311359107,0.003448275862068966,0.1875,-0.029251700680272108
cuye5ji,0,11,61,20839,1077,3,2721868,23481,21,0,-0.03143784153005465,-0.04504272708049608,0.0,0.1125,0.019026328862394443
cuye7rk,3,12,8,20951,112,0,2721756,33822,21,0,-0.022507440476190476,0.02730449571408174,0.0,-0.06250000000000001,-0.0042517006802721136
cuyeoqh,0,13,210,21789,838,3,2720918,23481,21,0,0.008854166666666658,-0.02595812701121104,0.012820512820512818,0.23750000000000002,0.04978354978354979
cuyazur,0,3,11,15589,2831,13,2727118,24543,21,0,0.1011424731182796,0.037730883338118484,0.0,-0.16249999999999998,-0.048875855327468215
cuybc5e,11,2,48,16133,3697,-15,2726574,2023,21,0,-0.0030471303104575055,-0.011743119374448564,0.020833333333333332,0.1375,0.03733660130718955
cuybssv,-7,3,29,16881,748,11,2725826,23481,21,0,-0.3034841954022989,0.03038268561926195,0.02702702702702703,-0.012499999999999997,-0.008672936259143157
cuycct9,8,4,37,17791,910,-7,2724916,2023,21,0,0.04369590178413704,0.1094396367289424,0.0,0.2625,0.05366543013601838
cuycfn1,-1,5,34,17918,127,8,2724789,23481,21,0,0.03817401960784315,-0.016614436816457016,0.0,-0.012499999999999997,0.06434937611408201
cuyclav,6,6,48,18180,262,-1,2724527,2023,21,0,0.04708307802287583,0.18169351453837576,0.10638297872340426,0.2625,0.05816993464052286
cuycu0v,-1,7,89,18581,401,6,2724126,23481,21,2,-0.04850187265917601,-0.02246981600516955,0.020202020202020204,0.23750000000000002,0.00023833844058562814
cuydpuu,2,8,165,20079,1498,-1,2722628,2023,21,0,-0.029023692810457503,0.01187107037136236,0.005649717514124294,0.2625,0.024836601307189538
cuyefxw,1,9,50,21354,1275,2,2721353,23481,21,0,-0.07364583333333333,-0.10444512464714487,0.0,0.11250000000000002,-0.052121212121212124
cuydtsu,6,8,24,20266,1685,-1,2722441,33822,21,2,-0.17289806547619052,0.23948805974949772,0.23809523809523808,-0.1875,-0.045918367346938785
cuyecvc,1,9,175,21201,935,6,2721506,23481,21,0,-0.15270833333333333,-0.03396370848671634,0.015957446808510637,0.23750000000000002,0.030735930735930728
cuyg66s,2,10,134,24547,3346,1,2718160,33822,21,1,0.008917466240227424,0.07979590005733796,0.026143790849673203,0.1875,-0.0023860290384810634
cuyib8z,1,11,43,28747,4200,2,2713960,23481,21,0,-0.10666182170542633,-0.04170891905379641,0.020833333333333332,0.1125,0.050669485553206495
cuy8m7j,1,1,6,11579,4559,11,2731128,158242,21,0,0.02743969298245617,-0.10734861845972961,0.0,-0.125,0.1964912280701754
cuy7wwg,1,1,52,10457,3437,11,2732250,440,21,0,-0.011084246422182463,-0.023909465020576115,0.0,0.275,-0.015474060822898025
cuyayo6,5,2,136,15539,5082,1,2727172,1737,21,0,0.021542258363268958,0.04751959401585554,0.0070921985815602835,0.48750000000000004,0.07919847328244276
cuybet4,6,3,7,16255,716,5,2726456,5618,21,0,-0.2173713235294118,-0.08598808598808598,0.0,-0.07499999999999998,-0.11029411764705882
cuycdlu,3,4,2,17826,1571,6,2724885,1737,21,0,0.2250119274809159,,,-0.38749999999999996,-0.04580152671755725
cuycvun,2,5,137,18664,838,3,2724047,5618,21,0,-0.02040508265349935,-0.022386553421036178,0.0,0.675,0.02839201373980249
cuynyy3,2,1,39,40762,33742,11,2701949,14452,21,0,-0.08649461780358003,0.11206010977077284,0.049999999999999996,0.23750000000000004,0.01499758103531687
cuyq62s,7,1,125,46246,39226,11,2696465,125017,21,0,0.061760416666666686,0.031959976127680575,0.013793103448275864,0.46249999999999997,0.003333333333333327
cuz4w1n,1,2,37,91128,44882,7,2651583,1866,21,0,0.05690456081081082,0.04113593501697908,0.0,0.375,-0.04891891891891892
cuz1j6d,2,2,22,84946,38700,7,2657765,88725,21,0,0.10728769083969464,0.07760035925410605,0.0,-0.14999999999999997,0.006939625260235949
cuy1v3v,7,0,9,1243,1243,21,2741468,88725,21,0,0.6602390797285835,0.35347880179921504,0.4285714285714285,-0.024999999999999994,-0.08396946564885496
cuywkfa,1,1,3,72126,70883,7,2670585,1092,21,0,0.4217852011494253,-0.06027596223674655,0.0,-0.42500000000000004,0.24137931034482757
cuy3oqr,4,0,23,4010,4010,21,2738705,2730,21,0,0.2595561594202898,-0.05969075871988492,0.0,0.21250000000000002,-0.05175983436853002
cuy427f,5,1,110,4594,584,4,2738121,679,21,0,0.026898521505376322,-0.013668303992645276,0.00847457627118644,0.062499999999999986,0.033836056416701565
cuya0o2,2,2,169,14035,9441,5,2728680,1737,21,0,-0.020596430507249668,0.054349840696972136,0.010752688172043012,0.48750000000000004,0.06662450878540133
cuyb6g9,1,3,217,15882,1847,2,2726833,679,21,0,-0.07300067204301075,0.0330969075933063,0.05882352941176471,0.062499999999999986,0.017665130568356363
cuyd3a3,2,4,73,19010,3128,1,2723705,1737,21,0,-0.06340844923141269,0.013351623228166444,0.0,0.48750000000000004,0.02269162396737425
cuyh34q,1,5,64,26327,7317,2,2716388,679,21,0,0.027923912130376285,-0.051460375553780024,0.0,-0.06250000000000001,0.04207469278033793
cuyxpt5,1,0,104,76086,76086,21,2666629,2099,21,0,0.07938958257382427,-0.026567839899103152,0.0,0.35000000000000003,0.02811702515493983
cuz7a7v,1,1,40,95264,19178,1,2647451,558,21,0,-0.13551327284946235,0.021920904679724473,0.0,0.16249999999999998,0.03817204301075268
cuybs4c,1,0,82,16851,16851,21,2725864,33822,21,0,0.14622350464576075,0.026053346314784242,0.011111111111111112,0.1875,0.029284884685581547
