comment_id,score,depth,length,time_since_submission,time_since_parent,parent_score,age,karma,submission_score,urls,alignment_content,alignment_syntax_3,alignment_syntax_4,alignment_features_binary,alignment_features_frequency
cuz8pb1,4,0,77,3395,3395,0,2644704,18959,0,0,0.02547552333511239,0.041730852341987555,0.024691358024691357,0.1857142857142857,-0.023527842020992715
cuz93l6,2,1,24,4088,693,4,2644011,258,0,0,-0.0005766305583987279,-0.03676405183651562,0.0,0.2285714285714286,0.02848857045377004
cuzebra,2,2,10,13368,9280,2,2634731,3491,0,0,-0.2076295045045045,-0.00544169847967317,0.0,-0.2857142857142857,-0.11486486486486487
cuzf2bn,1,3,28,14740,1372,2,2633359,258,0,0,0.09453745674318856,0.0215520282186949,0.0,0.08571428571428572,-0.03103523907003948
cuzmbjj,2,4,77,28594,13854,1,2619505,48745,0,0,0.008300865800865809,0.029053408188268237,0.0,0.4142857142857143,0.08976623376623377
cv01pmv,1,5,45,75264,46670,2,2572835,258,0,0,0.07112475833049017,-0.025345518678852017,0.0,0.2285714285714286,-0.004844762879563286
cuz6tca,2,0,49,166,166,0,2647933,258,0,0,0.16979255878400487,-0.0419400352733686,0.0,0.08571428571428572,0.08631169970547073
cuz754o,2,1,1,713,547,2,2647386,47433,0,1,-0.29913348082595875,-0.11920571681527858,,-0.6428571428571429,-0.08849557522123894
cuz7jjn,0,2,29,1381,668,2,2646718,258,0,0,0.08242744032282734,-0.0816225749559083,0.0,0.08571428571428572,0.03423569689055167
cuzecww,2,0,13,13426,13426,0,2634673,11145,0,0,0.08989358342806615,-0.08790661257028973,0.0,0.10000000000000002,-0.03637741568776051
cuzf2tm,1,1,23,14767,1341,2,2633332,258,0,0,0.06399915446575588,-0.007926429831191744,0.0,-0.05714285714285715,0.07921320813492946
cuzjxu5,2,0,48,24025,24025,0,2624074,14452,0,0,0.11267361111111114,-0.0026292105289769303,0.02,0.2285714285714286,0.07429245283018868
