comment_id,score,depth,length,time_since_submission,time_since_parent,parent_score,age,karma,submission_score,urls,alignment_content,alignment_syntax_3,alignment_syntax_4,alignment_features_binary,alignment_features_frequency
cv0h20v,5,0,70,2896,2896,0,2548349,64898,0,0,0.24986483205180085,0.01668480683314157,0.03847402597402597,0.17142857142857143,-0.030311614730878178
cv0h3ou,-1,1,25,2972,76,5,2548277,6180,0,0,0.17295965665236052,-0.011842339932227572,0.0,-0.18571428571428575,0.0648068669527897
cv0i6yj,5,2,17,4776,1804,-1,2546473,13096,0,0,0.26743067799326825,-0.03658751099384345,0.0,-0.2571428571428572,-0.0719666613239301
cv0ibdf,-2,3,6,4982,206,5,2546267,6180,0,0,0.13509298998569383,0.21672908863920096,0.0,-0.6142857142857142,0.198140200286123
cv0iisw,7,4,44,5335,353,-2,2545914,13096,0,0,0.13454297745850882,0.004438130031797581,0.020117137764196588,0.028571428571428564,-0.0398810998266039
cv0im9z,-6,5,28,5497,162,7,2545752,6180,0,0,0.16890251379521762,0.09228464419475657,0.0,0.09999999999999998,0.007664009809932537
cv0j7b2,7,6,63,6467,970,-6,2544782,23317,0,0,0.16420334429243114,-0.023702363451317418,0.0,0.27142857142857146,-0.040619365786403655
cv0szdg,-4,7,74,24264,17797,7,2526985,6180,0,0,0.026354251246955087,0.025356539619593152,0.0,0.09999999999999998,0.013455515601438345
cv0tiif,1,8,136,25328,1064,-4,2525921,64898,0,0,0.234053907682053,0.0007973781858562852,0.026648675999325352,0.31428571428571433,0.0020413264455924063
cv0to52,-2,9,88,25660,332,1,2525589,6180,0,0,0.16198692937963322,0.02703836698971647,0.021374458874458876,0.09999999999999998,-0.02155676941084668
cv0vf48,1,10,50,29905,4245,-2,2521344,64898,0,0,0.2052362606232294,0.05846144937606764,0.035999088630667586,0.31428571428571433,-0.010311614730878188
cv0yltk,3,8,64,41294,17030,-4,2509955,2004,0,0,0.098335,0.001629381426365756,0.014249639249639252,0.11428571428571428,-0.059208333333333335
cv11h5v,-1,9,89,53460,12166,3,2497789,6180,0,0,-0.03509427593190914,0.012198344302631425,0.010058568882098294,0.09999999999999998,-0.022833582485412562
cv1hrzs,2,5,34,82051,76716,7,2469198,310,0,0,0.23615105301379818,-0.005431060852747606,0.0,0.2,-0.033986928104575154
cv1hrzt,2,3,41,82051,77275,5,2469198,310,0,0,-0.09898524540800965,-0.0003436204711895655,0.02051948051948052,0.2,-0.09783197831978319
cv1j1n1,0,4,78,83969,1918,2,2467280,13096,0,0,0.11964787256340387,0.03870660665321538,0.012213976499690787,0.17142857142857143,-0.02822608817159225
cv0ijvk,0,0,11,5386,5386,0,2545863,23317,0,0,0.033063373152459996,-0.06694560669456066,0.0,-0.15714285714285717,-0.044948370115407976
cv13ntp,1,1,27,59149,53763,0,2492100,6180,0,0,-0.022684787792083938,0.016729088639201,0.0,-0.04285714285714288,-0.09815609601017328
cv13xy3,1,2,28,59748,599,1,2491501,23317,0,0,-0.15135221126312434,-0.06694560669456066,0.0,0.27142857142857146,-0.02871460388164175
