comment_id,score,depth,length,time_since_submission,time_since_parent,parent_score,age,karma,submission_score,urls,alignment_content,alignment_syntax_3,alignment_syntax_4,alignment_features_binary,alignment_features_frequency
cv0kka4,8,0,222,2213,2213,0,2542324,5755,0,2,0.06532818532818536,-0.005793062478253716,0.00819672131147541,0.042857142857142864,0.009009009009009
cv0pgb5,2,1,134,11101,8888,8,2533436,30986,0,1,0.019366901754961446,-0.02110028512170044,0.006993006993006992,0.4,-0.023317478541359127
cv0pwku,1,2,681,11933,832,2,2532607,6131,0,0,0.017298260803137188,-0.01655741733916445,0.0025575447570332483,0.12857142857142856,-0.010928335582660681
cv0r6qk,1,3,16,14267,2334,1,2530277,5755,0,0,0.005125482625482634,0.003811305584760947,0.0,-0.24285714285714285,0.016891891891891886
cv0rim6,1,4,26,14870,603,1,2529674,30986,0,0,0.033626373626373614,-0.03849419725245467,0.0,0.2571428571428572,-0.07326007326007325
cv0rq0w,1,5,56,15235,365,1,2529309,5755,0,0,-0.08166023166023167,-0.043633695807608855,0.0,0.042857142857142864,0.016891891891891886
cv0s1uh,1,6,52,15850,615,1,2528694,30986,0,0,-0.07021978021978023,-0.04192720622562986,0.0,0.4,0.022893772893772896
cv0sb9q,1,7,19,16352,502,1,2528192,5755,0,0,-0.08369030684820158,0.028696889108788447,0.0,-0.09999999999999999,0.04978662873399714
cv0qrfd,1,3,450,13495,1562,1,2531049,30986,0,0,0.03233406593406593,-0.02279280651166903,0.006,0.4,-0.02129426129426129
cv0puze,3,2,229,11854,753,2,2532690,5755,0,0,-0.05588980121731213,-0.01924558964135212,0.0,0.042857142857142864,0.00979582202289625
cv0sqak,1,3,319,17143,5289,3,2527401,30986,0,1,0.022297702297702292,-0.017267728211534255,0.0,0.4,-0.021656504415125094
cv0t3tz,1,4,199,17817,674,1,2526727,5755,0,0,-0.03998758270115053,-0.02064888334911219,0.0,0.042857142857142864,0.00244465571098737
cv0uht8,1,5,304,20859,3042,1,2523685,30986,0,0,0.031986697513013286,-0.016881612403420496,0.0029940119760479044,0.4,-0.00873578176209755
cv0uxz4,1,6,141,21972,1113,1,2522572,5755,0,0,-0.02120430460855993,-0.01383159198173592,0.006493506493506493,0.042857142857142864,0.012459267778416702
cv0vvk5,1,7,264,24542,2570,1,2520002,30986,0,0,0.034570429570429564,0.0060490941744932684,0.009900990099009901,0.4,0.0013320013320013424
cv0kk81,4,0,18,2210,2210,0,2542334,827,0,0,-0.0033081081081081185,-0.052717326061977994,0.0,-0.10000000000000005,-0.1308108108108108
cv0rf5e,1,1,14,14693,12483,4,2529851,10001,0,0,0.2038662364329716,0.03715049081721263,0.0,-0.1142857142857143,-0.04356116163097683
cv0tqj0,3,2,77,19123,4430,1,2525421,827,0,0,-0.0009704457704457708,0.0002797499614138005,0.010526315789473684,0.1857142857142857,-0.0009406809406809491
cv0wzq5,1,3,36,28080,8957,3,2516464,2347,0,0,0.06753646677471636,-0.025706083746045688,0.0,0.042857142857142864,-0.03691698181163336
cv1423h,2,4,73,53310,25230,1,2491234,827,0,0,0.17176038504257685,0.03010601135132269,0.02352941176470588,-0.10000000000000002,-0.0760162902628656
cv0mhlh,2,0,27,5892,5892,0,2538652,302,0,0,0.13550000000000006,-0.059095106186518934,0.0,0.2714285714285714,0.04351851851851851
cv0nk3u,1,1,101,7819,1927,2,2536725,5755,0,0,0.10203142321954205,-0.023116938448746235,0.00909090909090909,0.042857142857142864,0.050307733476050304
cv0npbj,0,2,141,8076,257,1,2536468,302,0,0,0.05294680851063827,0.018678946780293,0.01923076923076923,0.2714285714285714,0.00017730496453902123
cv0ode5,0,3,187,9219,1143,0,2535325,5755,0,2,-0.01833708421943716,0.006355165233883773,0.0,0.042857142857142864,-0.011851423616129508
cv0otxw,-1,4,166,10033,814,0,2534511,302,0,1,-0.028355421686746974,0.0051708217913204076,0.010582010582010581,0.2714285714285714,-0.06335341365461847
cv0p5bt,1,5,308,10571,538,-1,2533973,5755,0,0,-0.011530361530361527,-0.04208877069288968,0.0,0.042857142857142864,-0.007458757458757459
cv0pm2b,0,6,90,11396,825,1,2533148,302,0,1,0.0435,-0.040075594791208216,0.0,0.2714285714285714,-0.04166666666666666
cv0q7eo,0,7,255,12488,1092,0,2532056,5755,0,1,-0.057609811492164424,-0.02820623827488817,0.006920415224913494,0.042857142857142864,-0.021833598304186547
cv1isov,1,8,47,76912,64424,0,2467632,302,0,0,-0.06960638297872344,0.0177006568058677,0.0,0.1285714285714286,-0.05656028368794326
cv1jijk,1,9,80,77993,1081,1,2466551,5755,0,0,-0.021874517374517375,-0.0006256589195230086,0.0,0.042857142857142864,0.04189189189189188
cv1n0qg,1,10,63,83508,5515,1,2461036,302,0,0,-0.013071428571428559,-0.03043189887245913,0.0,0.2714285714285714,-0.030555555555555558
cv1nxlx,1,11,115,85055,1547,1,2459489,5755,0,0,-0.00015712607016954324,0.03560955119879604,0.015748031496062992,-0.09999999999999999,-0.012455934195064633
cv1om88,1,12,131,86240,1185,1,2458304,302,0,0,-0.0031259541984732736,0.00406278855032318,0.0,0.2714285714285714,-0.019529262086513996
cv21g3w,1,13,187,108137,21897,1,2436407,5755,0,0,-0.04721408956703074,-0.019881504872755373,0.0,0.042857142857142864,-0.0065038300332418
cv0ompn,2,0,117,9670,9670,0,2534874,922,0,0,0.08706320431161196,0.03347468373314239,0.007874015748031496,0.042857142857142864,0.05501660406119005
cv0ul5n,1,1,7,21085,11415,2,2523459,30986,0,0,-0.019780219780219783,-0.07763049954665172,0.0,-0.3142857142857142,-0.15018315018315018
cv0pm1h,1,0,44,11394,11394,0,2533150,30986,0,0,0.14502497502497502,-0.018926046105356163,0.0,0.2571428571428572,-0.013819513819513823
cv0ppdd,1,0,44,11565,11565,0,2532979,6131,0,0,0.10726221755123491,0.016256097930491164,0.02127659574468085,-0.0142857142857143,-0.05070940620073569
