comment_id,score,depth,length,time_since_submission,time_since_parent,parent_score,age,karma,submission_score,urls,alignment_content,alignment_syntax_3,alignment_syntax_4,alignment_features_binary,alignment_features_frequency
cv1bqm4,12,0,54,1561,1561,0,2478036,915,0,0,0.5284489492564028,0.2097921606918678,0.14794303797468356,0.22499999999999998,0.02105784714480366
cv1dwuw,-1,1,58,4878,3317,12,2474719,1862,0,0,0.39466825691315505,0.11161960233674838,0.09544712127398938,0.33749999999999997,-0.0005224660397074171
cv1ecrz,1,2,83,5555,677,-1,2474042,7475,0,0,0.13419605663113854,0.20353947381400994,0.14794303797468353,0.3125,0.09856818578662477
cv1efk8,1,3,54,5672,117,1,2473925,1862,0,0,0.205325853285037,-0.0321891986944155,0.04081187254474029,0.33749999999999997,0.008417508417508407
cv1eqlp,3,4,108,6152,480,1,2473445,7475,0,0,0.2298177725196359,0.02957881078729206,0.0,0.4375,0.08172302737520129
cv1f5pe,-1,5,69,6789,637,3,2472808,1862,0,0,0.11065465147097801,-0.07474182361619373,0.031561181434599156,0.33749999999999997,-0.01976284584980237
cv1elty,1,1,54,5943,4382,12,2473654,1862,0,0,0.3631111896418018,0.07174982679051631,0.058207096908072214,0.33749999999999997,-0.047138047138047146
cv1syg2,0,2,31,28947,23004,1,2450650,4566,0,0,0.27981956940482294,0.01887217456026952,0.0,0.3625,0.04129032258064516
cv1etp6,7,2,21,6284,341,1,2473313,915,0,0,0.37967991783431,-0.05744309161801139,0.0,0.09999999999999999,0.01576684185379837
cv1ci9b,1,1,44,2731,1170,12,2476866,5144,0,0,0.2585090577250854,-0.10482532043919045,0.0,0.09999999999999999,0.05173688100517368
cv1e7s7,2,1,119,5344,3783,12,2474253,3218,0,1,0.22803065325509075,0.08185580080666688,0.03481012658227848,0.11249999999999999,-0.002831567409572522
cv1ejof,0,2,66,5850,506,2,2473747,1862,0,0,0.31721000088347007,-0.051791143163549415,0.03242587133691694,0.33749999999999997,-0.015151515151515152
cv1emuq,1,3,37,5990,140,0,2473607,3218,0,1,0.2632501464577774,0.08595210759389858,0.0,-0.012500000000000011,0.006253147557495398
cv1cc78,6,0,23,2474,2474,0,2477123,19327,0,0,0.2996894409937888,0.6008018276692778,0.2689873417721519,0.049999999999999975,0.03462639937516271
cv1ktty,3,1,18,15402,12928,6,2464195,3218,0,1,0.37839079731271397,-0.04696226789706756,0.0,-0.012500000000000011,-0.07332643202208419
cv1kuox,0,2,6,15438,36,3,2464159,19327,0,0,0.3367346938775509,-0.19218973625025562,0.0,-0.07500000000000002,0.07085828343313372
cv1kwn4,2,3,24,15522,84,0,2464075,3218,0,0,0.4493941986732582,0.3314744956536002,0.2058337919647771,-0.1375,0.12111801242236025
cv1l1ug,0,4,37,15751,229,2,2463846,19327,0,0,0.31370656370656375,0.16755002647458184,0.1245836109260493,0.175,0.09338080595565626
cv1l3w4,3,5,15,15845,94,0,2463752,3218,0,0,-0.01922825030633369,-0.03875767681737832,0.06962025316455696,-0.2625,0.07111801242236027
cv1l5d9,0,6,42,15909,64,3,2463688,19327,0,0,-0.02842565597667637,0.05539586515448544,0.047341772151898734,0.175,0.07085828343313372
cv1l6ya,3,2,6,15977,575,3,2463620,5100,0,0,0.1036997905429201,-0.12083125044633293,0.0,-0.6375000000000001,0.024977293369663922
cv1cnfv,2,0,53,2952,2952,0,2476645,20209,0,1,0.3661213410064376,0.33413141685620634,0.22066080240291783,-0.02500000000000001,0.027967349123511287
cv1c236,4,0,38,2045,2045,0,2477552,58922,0,0,0.0650035968032794,-0.01336176261549394,0.0,0.13749999999999998,-0.03005794302269435
cv1foeg,0,1,40,7580,5535,4,2472017,1862,0,0,0.22426009364784863,0.08554787040407717,0.029588607594936707,0.08749999999999998,0.0037878787878787845
cv1ft6m,4,2,15,7781,201,0,2471816,58922,0,0,0.4596330275229357,0.30063965884861427,0.18208373904576436,0.012499999999999983,-0.001987767584097855
cv1lzwu,-1,3,52,17250,9469,4,2462347,3147,0,0,-0.005147246171928309,-0.13155225405928958,0.04226943942133816,0.075,0.04218687072090213
cv1v6o5,1,4,11,32586,15336,-1,2447011,23622,0,0,-0.41734970786143466,-0.07554535017221578,0.0,-0.625,-0.11343283582089553
cv29hux,1,5,155,71988,39402,1,2407609,3147,0,0,0.18471197294996353,0.10809227434807608,0.0876699484294421,0.325,0.04330349603107583
cv2neyl,0,6,42,94935,22947,1,2384662,23622,0,0,-0.1665324978605515,-0.03996239538095468,0.026300984528832633,-1.3877787807814457e-17,0.005614783226723513
cv1td9a,1,0,111,29622,29622,0,2449975,4566,0,0,0.24713448142019556,0.17754310561926004,0.14202531645569622,0.4875,0.015135135135135147
cv1c84c,-1,0,27,2300,2300,0,2477297,23034,0,0,0.18050151318633817,0.1678014282527262,0.09468354430379747,0.04999999999999999,0.11716385646346734
cv1dv64,1,1,36,4804,2504,-1,2474793,1862,0,0,0.39466825691315516,-0.0009005038989903094,0.06397536777283613,0.33749999999999997,-0.01010101010101011
cv1dymi,-1,2,28,4954,150,1,2474643,23034,0,0,0.03173248176424545,-0.11941015650339383,0.039451476793248945,-0.07500000000000001,0.0020844913841022716
cv1in1g,-1,0,12,12066,12066,0,2467531,310,0,0,0.3113630637440162,-0.2258913537460561,0.0,0.06250000000000001,0.04444444444444444
cv1m3s5,2,1,13,17420,5354,-1,2462177,3147,0,0,0.32256076010750645,-0.06339103585879406,0.0,-0.175,0.022956101490132913
cv1m8ky,0,2,23,17638,218,2,2461959,310,0,0,0.12613679932520522,0.2011041037490768,0.05379746835443038,0.18750000000000003,-0.078743961352657
cv1njta,1,3,15,19800,2162,0,2459797,3147,0,0,0.6721159668055704,-0.2792348934936967,0.0,-0.05,0.00244328097731239
cv29nsm,0,4,15,72384,52584,1,2407213,310,0,0,-0.08625598387503153,-0.0505182194176979,0.0,0.06250000000000001,0.011111111111111113
