comment_id,score,depth,length,time_since_submission,time_since_parent,parent_score,age,karma,submission_score,urls,alignment_content,alignment_syntax_3,alignment_syntax_4,alignment_features_binary,alignment_features_frequency
cv1e2mw,14,0,91,1050,1050,6,2474430,3218,6,0,-0.03175419897827924,-0.0025606469002695444,0.009714285714285715,-0.1375,-0.02998088867654085
cv1n6an,4,1,17,15091,14041,14,2460389,66127,6,0,0.020877868515284122,-0.04816699282452706,0.0,-0.08750000000000001,-0.02095204698869116
cv1i9kz,5,0,37,7425,7425,6,2468055,88725,6,0,0.2734760597356017,0.02962790697674418,0.026153846153846156,0.475,0.10521972354033424
cv1tqy2,1,1,20,26166,18741,5,2449314,52691,6,0,0.1106255612092188,-0.017644110275689222,0.0,0.225,0.04883268482490272
cv1x0kv,1,2,75,31350,5184,1,2444130,88725,6,0,0.15195145821100017,0.022536997885835106,0.0,0.475,-0.04396946564885496
cv313zc,1,3,23,112969,81619,1,2362511,52691,6,0,0.1694884374633994,0.10095238095238096,0.0,0.225,-0.05768905430553206
cv31tgc,1,4,23,114227,1258,1,2361253,88725,6,0,0.20260920626005263,0.3116279069767442,0.1632,0.35,-0.04049120477928975
cv7yf7u,1,5,41,511358,397131,1,1964122,52691,6,0,0.041582409239237554,-0.02993197278911566,0.02125,0.225,-0.02799658346778021
cv7zdqj,1,6,8,513031,1673,1,1962449,88725,6,0,0.08220786846741046,-0.04837209302325582,0.0,0.10000000000000003,0.04103053435114504
cv1ehxq,3,0,18,1701,1701,6,2473779,10886,6,0,0.15897435897435902,-0.02284237726098192,0.0,-0.1375,0.03749999999999998
cv1f5r7,2,1,1,2716,1015,3,2472764,6139,6,0,-0.23247863247863249,,,-0.1625,-0.1
cv1o4hn,1,2,6,16708,13992,2,2458772,10886,6,0,0.5692307692307691,0.049379844961240316,0.0,-0.6375,-0.12916666666666668
cv1o68w,2,3,3,16791,83,1,2458689,6139,6,0,0.17777777777777778,-0.06933333333333333,0.0,-0.0375,-0.1
