comment_id,score,depth,length,time_since_submission,time_since_parent,parent_score,age,karma,submission_score,urls,alignment_content,alignment_syntax_3,alignment_syntax_4,alignment_features_binary,alignment_features_frequency
cv1hd5e,5,0,22,194,194,0,2469345,10277,0,0,0.07384601121056314,-0.09204852119394849,0.0,0.09999999999999999,0.02477565353101832
cv1hfl1,1,1,28,297,103,5,2469242,1508,0,0,0.23667108789811722,-0.04421441799251874,0.07892416225749559,0.1625,-0.05464146748193441
cv1higj,7,2,20,419,122,1,2469120,10277,0,0,-0.10842221561211915,-0.07850620144473214,0.0,0.09999999999999999,-0.011587982832618027
cv1hl2i,-1,3,23,530,111,7,2469009,1508,0,0,0.32882409201840496,-0.028253826859513897,0.044394841269841265,0.1625,-0.0391135171713754
cv1hj04,14,0,40,443,443,0,2469096,36886,0,0,0.4438587101953439,0.14713317827889583,0.0991140642303433,0.2625,0.016891891891891886
cv1hmse,1,1,41,599,156,14,2468940,1508,0,0,0.35263686566056246,0.111473518769997,0.05073696145124716,0.1625,-0.028509063300749732
cv1hyqr,4,2,44,1101,502,1,2468438,36886,0,0,0.21784610893521783,0.20355951056729704,0.09067882472137791,0.2625,0.0055282555282555185
cv1iw2d,1,3,54,2503,1402,4,2467036,1508,0,0,0.5909850907269716,0.18908930485331818,0.15982142857142856,0.2875,0.09615218331171638
cv1jm1p,3,4,91,3587,1084,1,2465952,36886,0,0,0.160962398586161,0.13662239089184067,0.05274634606317775,0.38749999999999996,-0.020196020196020195
cv1klzq,1,5,59,5105,1518,3,2464434,1508,0,0,0.19880519477127423,0.09433238003703794,0.05073696145124716,0.1625,0.02647233397085011
cv1o90k,1,6,44,11051,5946,1,2458488,680,0,0,0.3863791237423338,0.07010729510689487,0.11838624338624339,0.075,0.0806036069193964
cv1upfl,5,2,43,21864,21265,1,2447675,23622,0,0,0.15811341633989845,0.03289124668435015,0.0,-0.12499999999999999,0.002846233946546331
cv1imwt,6,0,187,2111,2111,0,2467428,13464,0,0,0.015414771537861303,0.11967545638945222,0.06823246539995309,0.14999999999999997,0.005614021732924829
cv1irgh,-3,1,10,2307,196,6,2467232,1508,0,0,0.1335593481527141,0.16133864962951444,0.0,-0.08750000000000002,-0.12607003891050583
cv1iy7l,7,2,27,2593,286,-3,2466946,13464,0,0,0.0849864345865191,-0.025739665664125333,0.038052721088435375,0.02499999999999998,-0.001318044022670356
cv1j24e,-5,3,49,2755,162,7,2466784,1508,0,0,0.2775884449399439,-0.06638190567724779,0.01937229437229437,0.2875,-0.0852537123798936
cv1jd8j,5,4,9,3215,460,-5,2466324,13464,0,0,-0.09323138719565918,-0.154158215010142,0.0,-0.10000000000000003,-0.03835508105970739
cv1jf9a,-2,5,4,3300,85,5,2466239,1508,0,0,-0.10703471125322644,-0.17721934410089318,0.0,-0.3375,-0.12607003891050583
cv1jrmc,2,6,8,3825,525,-2,2465714,13464,0,0,-0.22689475353229271,0.0010141987829614138,0.0,-0.35,-0.024466192170818496
cv1kkjt,0,7,12,5046,1221,2,2464493,1508,0,0,-0.24069807758986003,0.177460458854772,0.16391941391941392,0.03749999999999999,0.040596627756160825
cv1hhgq,11,0,28,377,377,0,2469162,310,0,0,-0.02687411598302681,0.12300487215318953,0.18370279146141213,0.3125,0.05634920634920636
cv1hrww,0,1,37,814,437,11,2468725,1508,0,0,0.012178561425392732,0.043470311071520676,0.04843073593073593,0.2875,-0.04498895782942475
cv1i1ly,6,2,92,1217,403,0,2468322,310,0,0,0.10761945759793375,0.10532827355928262,0.11490429505135388,0.3125,0.00821256038647343
cv1iukx,0,3,9,2437,1220,6,2467102,1508,0,0,0.026628655083407216,-0.053081413066410385,0.0,-0.3375,-0.014958927799394728
cv21l7y,1,4,75,33905,31468,0,2435634,10258,0,0,0.034052445666359246,0.05608759601242032,0.09440928270042194,0.075,-0.022355008787346226
cv28p09,0,5,45,59977,26072,1,2409562,1508,0,0,-0.009014909273028494,-0.06436667952409049,0.019731040564373897,0.1625,-0.05940337224383917
cv1hnyy,5,1,3,650,273,11,2468889,19327,0,0,-0.4802276634849115,-0.15644780349551257,0.0,-0.44999999999999996,-0.09580838323353294
cv1he8x,4,0,22,241,241,0,2469298,13096,0,0,0.37228409489450315,0.042295474953815915,0.14529220779220778,0.1875,0.005573445627941542
cv1hjak,-1,1,35,454,213,4,2469085,1508,0,0,0.2710416678132517,-0.08411589582503111,0.0,0.1625,-0.04035575319622012
cv1iilz,4,2,56,1927,1473,-1,2467612,13096,0,0,0.07023960473120099,0.18680386591962345,0.1921350507416081,0.1875,0.012066952121448038
cv1j6x3,1,3,20,2955,1028,4,2466584,1508,0,0,0.454351427360635,-0.053081413066410336,0.0,0.037500000000000006,0.07392996108949418
cv1j9o1,3,4,27,3068,113,1,2466471,13096,0,0,-0.08676180969595597,-0.04059165291082314,0.07892416225749559,0.1875,-0.019679079624583706
cv1jbq6,1,5,6,3153,85,3,2466386,1508,0,0,0.29395538775667457,0.02967720762324473,0.0,-0.3375,0.040596627756160825
cv1i2cc,3,0,121,1247,1247,0,2468292,23317,0,0,0.18505077881750506,0.051825982160285874,0.10260141093474427,0.23750000000000002,0.004638406744096157
cv1itne,-1,1,40,2398,1151,3,2467141,1508,0,0,0.13355934815271409,-0.03928830961813453,0.0,0.1625,-0.051070038910505836
cv1j5d1,3,2,39,2891,493,-1,2466648,23317,0,0,0.10075703475778458,-0.04492858173423748,0.05463980463980463,-0.012499999999999997,-0.007652332819370694
cv1jb8b,0,3,32,3132,241,3,2466407,1508,0,0,0.14358410062796165,0.08610353991164614,0.09988839285714285,0.2875,-0.06357003891050583
cv1i2tf,3,0,23,1267,1267,0,2468272,11104,0,0,0.565977596834614,0.18596156467220945,0.09686147186147186,0.03749999999999999,-0.05725151608592868
cv1isb0,1,1,18,2342,1075,3,2467200,1508,0,0,-0.06248025580768192,-0.10825382685951372,0.0,0.1625,-0.014958927799394728
cv1q95h,2,2,19,14473,12131,1,2455069,11104,0,0,0.37878771079795565,-0.19184952978056416,0.0,-0.21250000000000002,-0.0915764588776907
cv28ppk,0,3,12,60029,45556,2,2409513,1508,0,0,-0.10703471125322647,-0.0885493933619768,0.0,-0.0875,-0.042736705577172504
cv2eets,2,4,39,71152,11123,0,2398390,11104,0,0,-0.015167474194227976,-0.0008680974198215394,0.08411654135338345,0.1625,-0.06728496090198219
cv2ickq,1,5,2,77324,6172,2,2392218,1508,0,0,-0.5080248102631273,-0.17721934410089318,0.0,-0.7125,-0.12607003891050583
cv1j0qe,3,0,60,2698,2698,0,2466844,9953,0,0,-0.13406137139768573,-0.0618661257606491,0.015902629708599857,0.28750000000000003,-0.03647642679900745
cv1j4a5,0,1,36,2846,148,3,2466696,1508,0,0,0.38306429864776376,0.20474352062059217,0.14019423558897243,0.1625,0.012818849978383062
cv1jgew,2,2,69,3348,502,0,2466194,9953,0,0,0.006575735791294102,0.01206896551724141,0.05394816154309825,0.28750000000000003,-0.006041644190311807
cv1koh1,0,3,60,5215,1867,2,2464327,1508,0,0,0.1870246946873676,-0.031174719354442836,0.015902629708599857,0.1625,-0.026070038910505827
cv1osho,1,0,33,11982,11982,0,2457560,24835,0,0,-0.041398209013652626,-0.12115143194849243,0.0,0.012499999999999983,-0.020468274175028695
cv28r7o,1,1,55,60143,48161,1,2409399,1508,0,0,0.2502110133192308,0.180466219896769,0.16533251231527094,0.2875,0.07392996108949418
cv1tc90,1,0,49,19623,19623,0,2449919,59170,0,0,0.18660748557216697,-0.019346762262433162,0.040206648697214735,0.48750000000000004,-0.0002655337227827903
cv28ril,1,1,15,60165,40542,1,2409377,1508,0,0,-0.08030203798589976,0.15381513865772756,0.0,0.03749999999999998,0.007263294422827499
cv2g5bi,1,0,87,73932,73932,0,2395610,9821,0,0,0.14149433021641636,0.022667342799188566,0.05607769423558897,0.2375,-0.04073206115388908
cv2ifos,1,1,86,77461,3529,1,2392085,1508,0,0,0.07014696040231116,-0.024974711700112402,0.020294784580498864,0.2875,-0.033046783096552346
cv2iz4m,1,2,55,78293,832,1,2391253,9821,0,0,0.36038380537082837,-0.09704900870247986,0.0,0.1125,-0.005413356869667568
cv2jgza,1,3,35,79050,757,1,2390496,1508,0,0,0.04190446837902247,0.14108304316701134,0.05607769423558897,0.2875,-0.0689271817676487
cv2k6tm,1,4,71,80137,1087,1,2389409,9821,0,0,0.2149799692125646,0.004563894523326559,0.05394816154309825,0.2375,-0.034094534846620186
cv2lisp,1,5,47,82142,2005,1,2387404,1508,0,0,-0.1326298239559861,-0.04179614660873002,0.03946208112874779,0.2875,-0.04096365593178243
cv1nxhc,0,0,34,10495,10495,0,2459051,827,0,0,-0.013413086936674557,0.09565606806986125,0.0626750700280112,0.06249999999999997,-0.013163751987281397
cv28rzi,0,1,20,60199,49704,0,2409347,1508,0,0,-0.02683669145124628,0.00012055737693942582,0.10654761904761903,0.03749999999999999,-0.026070038910505827
