comment_id,score,depth,length,time_since_submission,time_since_parent,parent_score,age,karma,submission_score,urls,alignment_content,alignment_syntax_3,alignment_syntax_4,alignment_features_binary,alignment_features_frequency
cv2g7lm,11,0,41,169,169,0,2394827,6584,0,0,0.2003252032520326,0.03570307869321152,0.0,0.25,0.004002501563477173
cv2hgew,0,1,91,2104,1935,11,2392892,88725,0,0,0.17182864111813026,-0.04619085805934241,0.0,0.475,0.09185471017532088
cv2gank,0,1,14,299,130,11,2394697,6139,0,0,0.1676190476190476,-0.0980842911877395,0.0,0.3375,-0.02857142857142858
cv2gfvj,1,2,74,523,224,0,2394473,6584,0,0,0.02317394317394317,-0.08805723720418271,0.0,0.25,0.0036729036729036824
cv2gjby,1,3,12,671,148,1,2394325,6139,0,0,0.022564102564102576,-0.09808429118773947,0.0,0.0875,-0.016666666666666677
cv2gove,1,4,37,917,246,1,2394079,6584,0,0,-0.031711711711711735,-0.05904739937723448,0.0,0.125,0.044213444213444225
cv2h07x,3,5,34,1408,491,1,2393588,6139,0,0,0.16193061840120668,0.021207414310862573,0.0,0.4625,-0.0411764705882353
cv2mqxa,2,2,21,10125,9826,0,2384871,47433,0,0,-0.002567344160264488,0.031772596135832824,0.04917184265010352,0.09999999999999996,0.006742520016856296
cv2s14d,3,2,17,17766,17467,0,2377230,6692,0,0,0.15965344942205825,0.07641333149875049,0.06453804347826086,-0.18749999999999997,0.04376916643434625
cv2s1zf,0,3,2,17801,35,3,2377195,6139,0,0,-0.3158974358974358,-0.09808429118773948,,-0.4125,-0.1
cv2hhw1,4,0,25,2166,2166,0,2392830,5100,0,0,-0.18179165793334723,-0.029415230867136495,0.03824476650563607,0.2375,-0.061689373297002734
cv2i33n,1,1,13,3059,893,4,2391937,6139,0,0,0.20481262327416183,0.08582375478927205,0.0,0.3374999999999999,-0.023076923076923078
cv2i5d7,3,2,37,3152,93,1,2391844,5100,0,0,0.3334016892599999,0.02969806962547432,0.0,0.11249999999999999,0.020472788865159436
cv2i96v,1,3,21,3311,159,3,2391685,6139,0,0,0.2643223443223443,-0.09808429118773947,0.0,0.4624999999999999,-0.004761904761904773
cv2ibra,2,4,20,3425,114,1,2391571,5100,0,0,0.21082372668203736,-0.055687808863852405,0.0,0.11249999999999999,0.00831062670299726
cv2ihmk,1,5,10,3679,254,2,2391317,6139,0,0,0.09025641025641026,-0.09808429118773945,0.0,0.21250000000000002,-0.1
cv2ijwq,2,6,24,3776,97,1,2391220,5100,0,0,0.22210577796408856,0.04940250312301131,0.11473429951690821,-0.012500000000000011,-0.05835603996366941
cv2ip44,1,7,17,4001,225,2,2390995,6139,0,0,0.24156862745098043,0.1342206089937487,0.11473429951690821,0.3375,0.017647058823529405
cv2k6io,1,8,18,6258,2257,1,2388738,5100,0,0,-0.09755234169403108,-0.10823296485728431,0.0,-0.1375,0.08053284892521947
cv2ke23,1,9,11,6574,316,1,2388422,6139,0,0,0.42256410256410254,-0.09808429118773947,0.0,0.3374999999999999,0.08181818181818182
cv2r09l,3,0,82,16312,16312,0,2378684,310,0,0,0.05654274662404742,-0.013568672128970914,0.05378170289855073,0.3125,0.011924119241192424
cv2r372,1,1,10,16428,116,3,2378568,6139,0,0,0.4964102564102564,0.3923371647509578,0.3872282608695652,0.21250000000000002,-0.1
cv2rlsz,1,2,127,17144,716,1,2377852,310,0,0,0.22424598634572382,0.005898289613041782,0.03661732963305581,0.3125,-0.027734033245844267
cv2rnjv,1,3,11,17213,69,1,2377783,6139,0,0,0.17641025641025637,-0.09808429118773947,0.0,0.3375,0.08181818181818182
cv2ru07,1,4,56,17474,261,1,2377522,310,0,0,0.01408764075430743,-0.08525398803753607,0.016654978962131837,0.3125,0.02063492063492063
cv2rx7g,1,5,26,17604,130,1,2377392,6139,0,0,0.2568836291913215,0.020142309797482206,0.0,0.4625,-0.06153846153846154
cv2rz8w,1,6,26,17689,85,1,2377307,310,0,0,-0.11237051647308052,-0.1728292480265891,0.0,0.18750000000000003,-0.006837606837606827
cv2s0rt,1,7,8,17752,63,1,2377244,6139,0,0,0.022564102564102545,0.03984674329501915,0.0,0.0875,0.024999999999999994
cv2s7vm,1,8,152,18052,300,1,2376944,310,0,0,0.036991053131403995,-0.09584448459435171,0.024154589371980676,0.3125,0.022514619883040946
cv2sawj,1,9,30,18182,130,1,2376814,6139,0,0,0.0451282051282051,-0.026894079841799538,0.0,0.5875,0.06666666666666665
cv2sgjk,1,10,64,18423,241,1,2376573,310,0,0,0.00804368471035137,0.05435127935677803,0.06164828033744322,0.3125,0.018402777777777782
cv2sqs2,1,11,14,18867,444,1,2376129,6139,0,0,-0.02578754578754579,0.12260536398467431,0.0,0.08750000000000005,-0.02857142857142858
cv2n0ac,2,1,9,10519,6892,1,2384477,58447,0,0,-0.23069740716799547,0.09474050853361196,0.12907608695652173,-0.35000000000000003,-0.01914098972922504
cv2pb1l,0,0,42,13853,13853,0,2381143,7988,0,0,0.14337654737084116,0.07447478243530033,0.0,0.1625,0.019461993071122882
cv2ur90,3,1,100,22128,8275,0,2372868,12645,0,1,-0.04264210041455551,0.046088790672251155,0.07375776397515528,0.275,0.04221556886227544
cv2wj4n,-2,2,12,25196,3068,3,2369800,7988,0,0,-0.06614726215296825,-0.12169379994017859,0.0,-0.21249999999999994,-0.04006181645268664
cv2wozt,2,3,46,25484,288,-2,2369512,12645,0,0,0.07155187951855488,-0.07323986358469119,0.0,0.15000000000000002,0.04438948190575372
cv2x9hi,1,4,139,26498,1014,2,2368498,7988,0,0,0.09212611914199581,0.015335724513280925,0.033967391304347824,0.03749999999999999,0.020489742300310962
cv2xhu7,2,5,145,26916,418,1,2368080,12645,0,0,0.0796708969329246,0.042218504792096025,0.06968524939983996,0.275,0.06462936196572373
cv2xnse,1,6,156,27205,289,2,2367791,7988,0,0,0.011959246722771369,0.003698049589601941,0.02950310559006211,0.1625,0.024040747649877472
cv2z0l8,2,7,279,29607,2402,1,2365389,12645,0,0,-0.010518582355553573,-0.02170075509015795,0.018946948544076584,0.275,0.003326679973386551
cv3kso4,1,8,23,84950,55343,2,2310046,7988,0,0,-0.22802017185196496,-0.1216937999401786,0.0,0.03749999999999999,-0.07991688891645475
cv3lwrl,1,9,77,86636,1686,1,2308360,12645,0,0,0.04632493255247748,-0.039133280512590865,0.0356071964017991,0.275,0.022085698732405304
cv3m009,1,10,101,86772,136,1,2308224,7988,0,0,-0.029285114399731423,-0.03302384920126236,0.027908343125734432,0.1625,0.005317721501108749
cv3m48u,0,11,92,86951,179,1,2308045,12645,0,0,0.012689003264374266,-0.08137053509104324,0.0,0.275,-0.02082790939859412
cv3oh2j,1,12,63,90421,3470,0,2304575,7988,0,0,-0.25418145018715643,-0.039956890617062396,0.0,0.1625,-0.05990308629395648
cv3pb01,1,13,119,91648,1227,1,2303348,12645,0,0,-0.010559359625932364,-0.03216706664982528,0.028884159318941928,0.275,0.009862627685804856
cv3pmuz,0,14,18,92131,483,1,2302865,7988,0,0,-0.0285404245461307,-0.06039111794784144,0.0,0.03749999999999999,0.04327151688064669
cv2i1tn,-3,0,35,3006,3006,0,2391990,23034,0,0,0.14117928763843163,-0.07490031350139212,0.0,0.04999999999999999,0.037798777098387984
cv2uvcz,1,1,20,22325,19319,-3,2372671,12645,0,0,0.2687425149700599,-0.13944676013641535,0.0,-0.1,0.04221556886227544
cv2i6k9,1,1,28,3203,197,-3,2391793,6139,0,0,0.31267399267399265,0.035667014977359794,0.03226902173913043,0.4625,0.042857142857142844
cv2ia90,-2,2,28,3357,154,1,2391639,23034,0,0,0.0831573096164536,0.17291211980450127,0.14751552795031056,-0.07500000000000001,0.037798777098387984
cv2ifxf,3,3,60,3606,249,-2,2391390,6139,0,0,0.13538461538461535,-0.02145593869731801,0.014543784445805267,0.5875,0.0
cv2innz,1,4,10,3940,334,3,2391056,23034,0,0,0.14117928763843163,-0.00888204058656748,0.0,-0.2,-0.00505836575875486
cv2irrm,1,5,2,4114,174,1,2390882,6139,0,0,0.3610256410256411,-0.09808429118773948,,-0.1625,-0.1
cv2n2qj,3,5,36,10623,6683,1,2384373,58447,0,0,0.03255045607986788,-0.03431776934499256,0.0,0.02500000000000001,-0.07469654528478059
