comment_id,score,depth,length,time_since_submission,time_since_parent,parent_score,age,karma,submission_score,urls,alignment_content,alignment_syntax_3,alignment_syntax_4,alignment_features_binary,alignment_features_frequency
cv2gz8e,11,0,50,1438,1438,0,2393636,14867,0,0,0.2516891891891892,-0.03427663805228191,0.0,0.275,0.00851351351351351
cv36mgj,0,1,116,45372,43934,11,2349702,297,0,0,0.2588191559957727,0.04959338355564773,0.05642714743867556,0.15,-0.013793103448275862
cv3e2eq,1,2,93,72494,27122,0,2322580,14867,0,0,0.3126405683383241,0.11486966258380782,0.05492558469170801,0.15,0.0605565242662017
cv2h52u,4,1,75,1692,254,11,2393382,6584,0,0,0.2549777034559644,-0.0074261115056507,0.039086578873634065,0.25,0.015384615384615385
cv2hzut,2,2,32,2997,1305,4,2392077,23034,0,0,0.3072920191169008,-0.09714887534792742,0.0,0.04999999999999999,0.08244163424124513
cv2qqxg,2,3,23,16007,13010,2,2379067,84939,0,0,0.3573523470239374,0.09687897662581209,0.08299866131191433,0.14999999999999997,-0.05188903208302245
cv2rf5p,0,4,40,16955,948,2,2378119,23034,0,0,0.08460180172559637,-0.05640813460718686,0.02732882750514252,-0.07500000000000001,0.09494163424124515
cv2rhot,3,5,51,17053,98,0,2378021,84939,0,0,0.24275395568252392,0.10427741622764151,0.05795596177814707,0.14999999999999997,-0.06041418127313328
cv2rqxa,0,6,19,17423,370,3,2377651,23034,0,0,0.1634490557301731,-0.0732558093495983,0.0,-0.2,0.10546795003071881
cv2s3ji,5,7,50,17939,516,0,2377135,84939,0,0,0.5164922336023875,0.08864297782377555,0.04309545875810936,0.14999999999999997,-0.05884555382215288
cv36pao,-1,8,19,45574,27635,5,2349500,297,0,0,-0.09683854147128344,0.18927592323818732,0.0,-0.1,0.005263157894736831
cv3csx1,1,8,34,68403,50464,5,2326671,23034,0,0,0.25370346412968847,0.1614525832535312,0.09337349397590361,-0.07500000000000001,0.13023575188830394
cv3d1qy,1,9,12,69307,904,1,2325767,84939,0,0,0.592071943747315,-0.16502578527894973,0.0,-0.22500000000000003,-0.055512220488819555
cv3db2n,0,10,26,70190,883,1,2324884,23034,0,0,-0.10538565646838356,-0.03894781714686919,0.0,0.04999999999999999,-0.0665968272972164
cv3e0io,2,11,38,72348,2158,0,2322726,84939,0,0,0.27952427021566006,-0.002062822315986835,0.025465498357064624,0.14999999999999997,-0.05989818540110026
cv3skmz,0,12,10,96491,24143,2,2298583,23034,0,0,-0.2798003721874469,-0.10789368609273829,0.0,-0.44999999999999996,-0.10505836575875487
cv3t0g1,2,13,148,97138,647,0,2297936,84939,0,0,0.387802456869133,0.04783314106312257,0.012660812742495408,0.14999999999999997,-0.044250959227558284
cv3u0vg,0,14,18,98583,1445,2,2296491,23034,0,0,-0.33378587943382393,-0.1463552245542768,0.0,-0.325,-0.04950281020319931
cv3ud34,2,15,41,99067,484,0,2296007,84939,0,0,0.22339043084522955,0.23352493935873145,0.0995983935742972,0.14999999999999997,-0.06567482211483582
cv2hyh0,6,2,315,2940,1248,4,2392134,14867,0,0,0.03317642176337822,-0.0257578478020169,0.023903614457831325,0.275,0.00914843414843415
cv2i5p6,-5,3,94,3239,299,6,2391835,6584,0,0,0.21408655328636828,0.00730438732260509,0.032955350815024806,0.25,-0.0009274413529732628
cv2ig8a,3,4,17,3693,454,-5,2391381,14867,0,0,-0.17701925070850913,0.05101801620788962,0.05602409638554218,-0.1,-0.11148648648648649
cv2jx7u,-1,5,11,5941,2248,3,2389133,5144,0,0,-0.22234607474533252,0.1641009724808605,0.0,-0.275,0.05173688100517368
cv2kqfx,-2,6,14,7162,1221,-1,2387912,310,0,0,0.05455678245533319,0.38621151271753656,0.08619091751621873,-0.062499999999999986,-0.050793650793650794
cv2l24i,-2,7,47,7657,495,-2,2387417,5144,0,0,0.2757407135819738,-0.031025733172160723,0.020008605851979347,0.225,0.08268465663380037
cv2l9ac,2,6,54,7957,2016,-1,2387117,14867,0,0,-0.018238347042694936,-0.05956399437412095,0.0,0.15,0.018143143143143137
cv2mg4v,0,7,95,9746,1789,2,2385328,5144,0,0,0.09691749920931701,-0.044129480194036376,0.04188717486769508,0.225,-0.05639709028669236
cv2rpc9,2,8,81,17359,7613,0,2377715,36675,0,1,-0.0292156862745098,0.022020394458313275,0.026364280652019848,0.25,-0.028874364560639076
cv2k7yh,4,4,89,6394,3155,-5,2388680,5144,0,0,0.24747672580536262,0.07948558786547615,0.02175693063516201,0.225,-0.017721750251210394
cv2l52e,7,1,124,7779,6341,11,2387295,5229,0,0,0.05241344277026798,-0.03069246920795723,0.007781124497991968,0.024999999999999994,-0.0013179364880130662
cv2lu4b,1,2,22,8822,1043,7,2386252,14867,0,0,0.10445598760816145,-0.18178621659634317,0.0,0.15,0.07033169533169534
cv2nau0,3,3,103,11025,2203,1,2384049,5229,0,0,-0.05562520154678438,-0.09492096102265594,0.009337349397590362,0.024999999999999994,0.015280873408635848
cv2k9xt,9,1,93,6474,5036,11,2388600,84897,0,0,0.3182632705466919,0.1058584170747368,0.02134251290877797,0.2,0.0013693402473791833
cv3s39n,-2,2,40,95785,89311,9,2299289,88725,0,0,0.45465275472950556,0.03789836347975883,0.0,0.475,0.06603053435114503
cv39yyg,2,0,284,55783,55783,0,2339291,922,0,0,0.07873350599303382,0.033493618093415445,0.03757713781957096,0.037500000000000006,-0.006768637301516112
cv2h1dc,2,0,70,1531,1531,0,2393543,31039,0,1,0.20176294520578741,0.08832346375929302,0.0,0.08749999999999998,0.004748112134064328
cv36jv2,1,1,35,45192,43661,2,2349882,297,0,0,0.3561526321148557,-0.033599893755276694,0.0,0.15,0.042857142857142844
cv36mvi,1,2,21,45399,207,1,2349675,31039,0,0,0.28659731373580805,-0.025648059251131578,0.0,-0.16250000000000003,-0.028585221199268998
cv2ix3c,3,0,13,4415,4415,0,2390659,14676,0,0,0.276942285094459,-0.06111111111111112,0.0,0.012499999999999983,-0.017671517671517672
cv2kqyo,1,0,88,7183,7183,0,2387891,56361,0,0,0.22201216975244434,0.022197258108136206,0.06224899598393575,0.5125000000000001,-0.002153110047846893
cv36ld0,1,1,81,45297,38114,1,2349777,297,0,0,0.11678831956213755,0.050936484898749114,0.08714859437751005,0.15,0.023456790123456778
cv3cpia,1,2,132,68030,22733,1,2327044,56361,0,0,0.14839556896193057,-0.06433653921338651,0.015562248995983937,0.6375,-0.040031897926634766
cv2kg5c,0,0,79,6735,6735,0,2388339,84897,0,0,0.11590028299187799,0.0308445613191764,0.039086578873634065,0.2,0.03498850453212125
cv2rosl,0,1,61,17337,10602,0,2377737,87807,0,0,0.11367923447864217,0.03914548564809199,0.06224899598393575,0.3125,-0.043416281880442525
cv2g65f,-5,0,51,178,178,0,2394896,6584,0,0,0.09111581087284416,0.24544745171274004,0.09828788839568801,0.125,-0.019909502262443438
cv2i0we,3,1,7,3042,2864,-5,2392032,870,0,0,0.31026691491286235,-0.19059735853629003,0.0,-0.6875,-0.125
