comment_id,score,depth,length,time_since_submission,time_since_parent,parent_score,age,karma,submission_score,urls,alignment_content,alignment_syntax_3,alignment_syntax_4,alignment_features_binary,alignment_features_frequency
cv2l5a2,4,0,44,805,805,0,2387244,7284,0,0,0.28663545756569014,0.21611960818009962,0.23006134969325157,-0.15000000000000002,0.003030303030303022
cv2ol7a,0,1,150,5910,5105,4,2382139,287,0,0,0.12136040687968325,0.13596868490020825,0.22427364278272952,0.175,-0.031919866444073464
cv2nudu,2,0,50,4836,4836,0,2383216,23622,0,0,0.16678583825060722,0.2427805604006977,0.22595311130587203,0.12499999999999999,0.006567164179104468
cv2ozcv,0,1,151,6481,1645,2,2381571,287,0,0,0.2735828002263645,0.08952599715317265,0.2604468109734923,0.175,0.033510597132085485
cv2puk4,3,2,135,7728,1247,0,2380324,23622,0,0,0.19477033437463842,0.15745045468365634,0.1729219295079995,0.12499999999999999,-0.009729132117191827
cv2qjru,1,3,124,8739,1011,3,2379313,287,0,0,0.3849800617934115,0.07623728649854646,0.202995308552869,0.175,-0.022887608379557334
cv2r5zo,1,4,25,9625,886,1,2378427,23622,0,0,0.1270183963901424,0.1294974890177289,0.20541191936897457,-1.3877787807814457e-17,0.046567164179104475
cv2rc5g,1,5,33,9854,229,1,2378198,287,0,0,0.45155068172112045,0.28355322596301,0.23006134969325154,-0.07500000000000002,0.029898315374108364
cv2rl48,1,6,19,10207,353,1,2377845,23622,0,0,0.8219021173203753,0.537033980512242,0.5176380368098159,-0.125,-0.008169677926158692
cv2s16h,1,7,99,10859,652,1,2377193,287,0,0,0.27078958235537043,0.08292853123022938,0.2387429100590346,0.049999999999999975,-0.01050572502993205
cv2pchq,2,0,24,7004,7004,0,2381048,15240,0,0,0.5679385643655007,0.5028571770914891,0.23006134969325154,-0.25,0.085498687664042
cv2pnkg,1,1,95,7451,447,2,2380601,287,0,0,0.460430174321544,0.12813717284874743,0.2163943388203851,0.049999999999999975,-0.015077761180915555
cv2q0z6,1,2,6,7985,534,1,2380067,15240,0,0,0.31939205273759425,-0.1068519543567731,0.0,-0.25,0.04383202099737532
cv2q4sa,1,3,8,8139,154,1,2379913,287,0,0,-0.007883779166828244,-0.17055305423022626,0.16432953549517967,-0.2,-0.02691986644407346
cv2qcav,1,4,103,8444,305,1,2379608,15240,0,0,0.3097397610238886,0.01358657533584491,0.053254942058623043,0.12499999999999999,0.03250516015595137
cv2qr3s,1,5,39,9031,587,1,2379021,287,0,0,0.3171385821927421,0.28355322596301036,0.3137200223089794,0.049999999999999975,-0.07499678952099653
cv2sqcj,1,6,63,11939,2908,1,2376113,15240,0,0,0.2404883982525437,0.03885059543784802,0.12018130207856424,-1.3877787807814457e-17,0.00414948131483564
cv2tbf5,1,7,65,12843,904,1,2375209,287,0,0,0.13359654283674935,-0.053782867894822776,0.18338223526273673,0.049999999999999975,-0.028842943367150375
cv2tpc3,1,8,57,13460,617,1,2374592,15240,0,0,0.05776414576084972,-0.11484209418422024,0.03771497535954943,-0.125,0.01751623152369111
cv2zcm3,1,9,8,23278,9818,1,2364774,287,0,0,-0.2564302907947352,-0.35632380521836843,0.0,-0.5750000000000001,-0.02691986644407346
cv2qf5a,2,3,45,8556,571,1,2379496,23622,0,0,0.18004165220409585,-0.025192842584146932,0.08681560365783077,-1.3877787807814457e-17,0.019900497512437804
cv2ptmn,1,0,117,7690,7690,0,2380362,16552,0,0,0.3301457434494372,0.2637127959232756,0.2696031441717791,0.6125,0.04732277526395172
