comment_id,score,depth,length,time_since_submission,time_since_parent,parent_score,age,karma,submission_score,urls,alignment_content,alignment_syntax_3,alignment_syntax_4,alignment_features_binary,alignment_features_frequency
cv2tvl3,5,0,76,5585,5585,6,2374280,3661,6,0,0.25756319933692523,0.2018382637402315,0.13061093933255144,0.17500000000000004,0.04545454545454544
cv2ugb9,1,1,35,6547,962,5,2373318,4898,6,0,0.04937296061132842,0.2169961178188553,0.15486725663716813,0.2625,0.010979929161747337
cv2v4ea,3,2,83,7682,1135,1,2372183,3661,6,0,0.1591080442782318,0.09961936570981525,0.0609028537337178,0.17500000000000004,0.00804173632328356
cv2vkey,1,3,47,8445,763,3,2371420,4898,6,0,0.04396406225553789,0.03154183139224275,0.04516961651917405,0.13749999999999998,0.02435378934411815
cv33w52,1,4,24,23184,14739,1,2356681,6516,6,0,0.08529131754322289,0.15075744190155585,0.11214525480622521,-0.0625,0.06646626586506345
cv2w8j0,1,4,25,9605,1160,1,2370260,3661,6,0,0.1985578118524659,0.33629542961100994,0.13008849557522126,-0.075,-0.0724401913875598
cv2xkzk,2,1,183,11995,6410,5,2367870,23944,6,0,0.11213398915380367,0.07388569871807793,0.07704056421544406,0.14999999999999997,-0.008186614380141899
cv2xtb4,1,2,54,12410,415,2,2367455,3661,6,0,0.36596521925987285,0.36436631160859423,0.36748162591870404,-0.07500000000000001,0.01718943824206981
cv2z85s,1,3,10,14900,2490,1,2364965,12645,6,0,-0.12680465839973598,-0.336142914676946,0.0,-0.35,-0.007784431137724548
cv2ztr4,1,4,14,15918,1018,1,2363947,3661,6,0,-0.27428808241075137,-0.01665463079978334,0.14454277286135692,-0.575,-0.11244019138755981
cv2z4f3,2,0,229,14724,14724,6,2365141,686,6,0,0.10781636414350826,-0.06999772365126333,0.07900111067321128,0.35,0.01842677267119669
cv3hihg,2,1,19,64635,49911,2,2315230,20459,6,0,0.17225789119655469,-0.24649916080062115,0.0,0.3125,0.002115842369743437
cv3i808,0,2,40,65819,1184,2,2314046,686,6,0,-0.05206913597683694,0.0763611530741055,0.10084379501955135,0.1,-0.055044843049327344
cv3in53,1,3,24,66505,686,0,2313360,20459,6,0,-0.07750036270591801,-0.06250514434587184,0.04015077023926582,0.0625,0.01088777219430484
cv3kqyp,1,4,81,69807,3302,1,2310058,686,6,0,-0.08117869172681266,-0.019910463616359328,0.08526399522720493,0.35,-0.04362508996290759
cv3m0y6,1,5,45,71742,1935,1,2308123,20459,6,0,-0.1565904764417012,-0.0825772188682081,0.04015077023926582,0.4375,-0.08911222780569515
cv3j5lt,1,2,7,67327,2692,2,2312538,18312,6,0,-0.037285339332583455,-0.1272949539822889,0.0,-0.375,0.042857142857142844
cv3005f,2,1,9,16226,1502,2,2363639,4898,6,0,0.07761942980267972,0.19910781066353261,0.0,-0.23750000000000002,-0.10330578512396695
cv2tn3o,4,0,167,5197,5197,6,2374668,2055,6,0,0.11225390652309283,0.00350236328584011,0.09582946267051289,0.16249999999999998,0.01584187945947188
cv348dq,0,1,50,23825,18628,4,2356040,66127,6,0,0.2112625415116702,0.33523813201787783,0.10628145063335068,0.03749999999999999,0.041400894187779425
cv2xd4n,1,1,249,11607,6410,4,2368258,1981,6,0,0.15668647502470046,-0.07073868032849653,0.06307320997586484,0.04999999999999999,-0.003399343147756334
cv2yjp1,2,2,111,13710,2103,1,2366155,2055,6,0,0.20537262758278246,-0.0006603972674348121,0.0643092845357732,0.16249999999999998,-0.02272962617790203
cv2yo5l,1,3,99,13929,219,2,2365936,1981,6,0,0.07569057541576599,0.06728247220437927,0.09472463270040381,0.04999999999999999,-0.03491936261958305
cv2z983,1,4,102,14952,1023,1,2364913,2055,6,0,0.3675765174383629,0.036651082849549994,0.076748374970632,0.16249999999999998,0.01701600180302007
cv2zd3c,1,5,112,15140,188,1,2364725,1981,6,0,0.1904418565056296,-0.08802773556913637,0.01791852556132524,0.04999999999999999,-0.01985803505825548
cv2zmqt,1,6,147,15603,463,1,2364262,2055,6,0,0.14255422505684334,-0.0863930815834267,0.03305093891646881,0.16249999999999998,-0.02420048479161778
cv2zted,1,7,55,15901,298,1,2363964,1981,6,0,0.19073074084963196,-0.1449283580515303,0.0,-0.07500000000000001,0.009525081824861392
cv31ghc,1,8,44,18776,2875,1,2361089,2055,6,0,0.0027892281489891968,-0.12151921199751534,0.06919600828469215,0.16249999999999998,-0.04893765238592823
cv31i7u,1,9,29,18863,87,1,2361002,1981,6,0,0.2052347272243759,-0.04087298490395746,0.03738175160207507,0.04999999999999999,-0.06696394638830475
cv32p2r,1,10,16,20977,2114,1,2358888,2055,6,0,0.023011132229161003,0.09314047386635875,0.19130661114003122,-0.08750000000000001,-0.07734674329501914
cv33bp8,-1,11,19,22133,1156,1,2357732,1981,6,0,0.03406419976535374,0.1093887952007544,0.2282254308337215,-0.07500000000000001,0.0219652732124212
cv37y5p,1,0,46,33737,33737,6,2346128,8135,6,0,0.010550558650524405,-0.006158497061486194,0.08339006126616746,0.42500000000000004,0.010793554271815137
cv3lgia,1,1,8,70880,37143,1,2308985,4898,6,0,0.6213639617361884,-0.2838764825301847,0.0,0.012499999999999983,0.021694214876033055
cv3g8gu,1,0,24,62317,62317,6,2317548,57644,6,0,0.12305243759423698,0.22981628108907398,0.12508509189925118,0.1,0.018617021276595744
cv3iafw,1,0,34,65929,65929,6,2313936,20459,6,1,-0.04260766546954319,0.3479430462070308,0.11411271541686074,0.3125,-0.06754360035471475
cv3lfge,1,1,17,70835,4906,1,2309030,4898,6,0,0.22882111782697068,-0.28387648253018477,0.0,0.13749999999999998,-0.04448225571220224
cv3n72b,1,0,102,73478,73478,6,2306387,20727,6,0,0.08328809672024132,-0.13372617428844025,0.029565567176186643,0.3,0.016837693308281554
cv3pi9l,1,1,6,76875,3397,1,2302990,4898,6,0,-0.120105854536778,-0.28387648253018505,0.0,-0.48749999999999993,-0.10330578512396695
cv4paif,1,2,102,152213,75338,1,2227652,20727,6,0,0.0832880967202412,-0.050077461320355614,0.03978241454899732,0.3,-0.0027701498289733617
cv4pjdw,1,3,11,152616,403,1,2227249,4898,6,0,0.25736968829309564,-0.28387648253018505,0.0,-0.36250000000000004,-0.10330578512396695
cv4q7au,1,4,14,153665,1049,1,2226200,20727,6,0,0.29762895117225824,0.04861023841446444,0.0,-0.075,-0.05879255879255879
cv4qk6y,1,5,36,154228,563,1,2225637,4898,6,0,0.028188108717815276,0.16864934172338808,0.09033923303834808,0.2625,-0.019972451790633616
cv4r2qp,1,6,62,155039,811,1,2224826,20727,6,0,0.05571161019471921,0.09673175041032225,0.11857024336283185,0.3,-0.017317904414678606
cv4rbuf,1,7,18,155430,391,1,2224435,4898,6,0,-0.021243212367049152,-0.28387648253018494,0.0,0.13749999999999998,-0.04775022956841139
cv4rlnd,1,8,8,155844,414,1,2224021,20727,6,0,0.3929607846930683,0.048610238414464275,0.1806784660766962,-0.2,-0.13022113022113022
cv4s2fk,1,9,73,156563,719,1,2223302,4898,6,0,0.06678516764709294,0.09392456459023396,0.13184644821812963,0.2625,0.01998188610890976
cv4sbmz,1,10,76,156951,388,1,2222914,20727,6,0,0.19393467611453527,0.006491126213979675,0.03966112669976257,0.3,0.02767360662097504
cv2s0kk,1,0,52,2673,2673,6,2377192,66127,6,0,-0.059773194405955375,0.021644679592231205,0.018690875801037534,0.2875,-0.04244525965837441
cv2v54c,2,1,15,7716,5043,1,2372149,12221,6,0,0.5201695941853421,-0.02020326455189408,0.0,0.475,0.08717948717948718
cv2yrst,1,2,30,14104,6388,2,2365761,1551,6,0,-0.0006884052452823784,-0.16397332028572276,0.0,0.27499999999999997,-0.059058671824629275
cv2z8gp,-1,3,14,14914,810,1,2364951,12221,6,0,0.21510772691875032,0.21757361825116678,0.3613569321533924,0.22500000000000006,0.09670329670329669
cv2zd8n,-1,4,18,15148,234,-1,2364717,1551,6,0,0.07840170849050057,-0.2361339617136467,0.0,0.27499999999999997,-0.014614227380184835
cv3czb6,3,5,119,53919,38771,-1,2325946,171,6,1,0.01996684611831304,0.06629506323970097,0.11184857423795476,-0.175,0.03609805504122554
cv3i1o8,1,6,27,65525,11606,3,2314344,1551,6,0,0.21021856471680572,-0.14171597958555146,0.04015077023926582,0.27499999999999997,0.0224228096568522
cv3j1ql,2,7,98,67159,1634,1,2312710,171,6,0,0.08405547369532802,0.13913763683463437,0.14734942864507258,0.075,0.014489411583842565
cv3jeei,1,8,26,67714,555,2,2312155,1551,6,0,0.17726435066022925,0.22273370685366356,0.17345132743362832,0.02499999999999998,0.028120815354857914
cv3mowo,1,9,406,72729,5015,1,2307140,171,6,0,-0.16077045015778638,0.01006662059084353,0.08691881664268679,0.075,-0.005918751681463552
cv3njso,1,10,25,73993,1264,1,2305876,1551,6,0,-0.2854128146941013,-0.26867185093932844,0.0,0.27499999999999997,0.03427466150870406
cv2tr7l,-1,0,274,5386,5386,6,2374483,20209,6,0,0.07908704299056883,0.15270331395571674,0.11118674835488994,0.09999999999999999,0.01873996997463373
cv2tw61,0,1,49,5611,225,-1,2374258,2055,6,0,0.19097674367058803,0.07596769899724909,0.0663716814159292,0.16249999999999998,0.06423488935804209
cv2v6zp,2,2,14,7806,2195,0,2372063,12221,6,0,0.59643506100199,0.04419464120726825,0.07227138643067846,0.35000000000000003,0.09670329670329669
cv2wgep,2,1,66,9989,4603,-1,2369880,6584,6,0,0.007051740910008584,-0.07273577625932454,0.08130530973451328,0.25,0.03356643356643357
cv2wp3j,-4,0,40,10418,10418,6,2369451,2848,6,0,0.1455737781298048,-0.058573805755103694,0.04927594529364441,-0.037500000000000006,0.000739644970414205
cv30ubf,1,1,33,17678,7260,-4,2362191,21440,6,0,0.04090867951850845,-0.07127934066484634,0.0,0.03749999999999999,0.0005224660397074171
cv312jv,0,2,12,18087,409,1,2361782,2848,6,2,0.13074438180434547,-0.24040318672215014,0.0,-0.16249999999999998,0.04240631163708086
cv35xm5,2,3,101,27223,9136,0,2352646,21440,6,0,0.08201987725245521,0.06002032494179097,0.07884151246983105,0.2875,-0.051382724479344485
cv3ayom,0,4,161,45039,17816,2,2334830,2848,6,0,0.07455847026067966,-0.061404482931330606,0.09582946267051289,0.21250000000000002,0.04965268844867507
cv3szti,1,5,18,81968,36929,0,2297901,21440,6,0,0.23863396385796612,0.26765700543600784,0.12045231071779744,0.037500000000000006,-0.06513409961685825
cv3uthg,0,6,6,84568,2600,1,2295301,2848,6,0,-0.01754958145024773,-0.31616542879175297,0.0,-0.4125,0.04240631163708086
cv3ya93,1,7,18,89472,4904,0,2290397,21440,6,0,0.33749660602769493,0.11513564969062358,0.0,-0.08750000000000001,-0.06513409961685825
cv2xbtj,-1,0,244,11541,11541,6,2368328,38530,6,0,0.1566044499694132,0.1634479050847195,0.09161161660226848,0.15000000000000002,-0.013119208838203847
cv2zdhp,0,1,38,15160,3619,-1,2364709,12645,6,0,0.13544150819786036,0.16784069561215018,0.14454277286135694,0.275,0.02379451623069649
cv2xpfv,2,1,158,12218,677,-1,2367651,1981,6,0,0.1520275522809996,-0.005407471587317305,0.07108660960394603,0.04999999999999999,-0.05998009654107646
cv2y0rz,1,2,214,12780,562,2,2367089,38530,6,0,0.15060634880513954,0.12250547475094323,0.09106194690265487,0.15000000000000002,0.012964750101584724
cv2ybjb,2,3,81,13312,532,1,2366557,1981,6,0,-0.012187328735104096,0.008592073142935372,0.09530292716133425,0.04999999999999999,-0.03716403153091863
cv2xi0s,2,1,22,11855,314,-1,2368014,4898,6,0,0.338257304613783,-0.04970227976959465,0.051622418879056046,0.012499999999999983,-0.10330578512396695
