comment_id,score,depth,length,time_since_submission,time_since_parent,parent_score,age,karma,submission_score,urls,alignment_content,alignment_syntax_3,alignment_syntax_4,alignment_features_binary,alignment_features_frequency
cv3d6db,2,0,35,20278,20278,5,2325136,58624,5,0,0.31287477954144627,0.011050516647531582,0.029468289557975653,0.38749999999999996,0.02657807308970099
cv38k7x,3,0,10,1285,1285,5,2344129,47477,5,0,0.10410722006052746,-0.07602874276261375,0.0,0.11250000000000002,0.08326848249027238
cv3o1ru,2,1,39,40404,39119,3,2305010,12792,5,0,0.016334283000949655,-0.05068108974358977,0.025155856939735315,0.26249999999999996,0.01601000625390868
cv40njf,1,2,28,58838,18434,2,2286576,47477,5,0,-0.021025055071747706,0.08098385670688223,0.07367072389493913,-0.012499999999999997,0.02612562534741522
cv42pmg,1,3,113,62299,3461,1,2283115,18245,5,0,0.13173486624814063,-0.0012881730471817066,0.02557165622799541,0.1375,-0.02618455839283171
cv4292n,1,3,84,61508,2670,1,2283906,12792,5,1,0.045502645502645524,-0.05244391025641024,0.02317730639391344,0.26249999999999996,-0.005052264808362378
cv38oiw,5,1,114,1669,384,3,2343745,18245,5,0,0.13927625331134091,0.11460969857340074,0.09299419245754613,0.1375,-0.00957223111445879
cv3mumq,1,2,17,38649,36980,5,2306765,4096,5,0,-0.010944149206930874,-0.12753366279902595,0.0,-0.08749999999999998,-0.13862928348909656
cv3n0vl,1,3,43,38908,259,1,2306506,18245,5,1,0.2136752136752136,-0.02139082910014512,0.0,-0.1125,-0.016100178890876574
cv3n6i0,1,4,33,39137,229,1,2306277,4096,5,0,0.10260968983710429,-0.00413622690159004,0.029468289557975653,-0.08750000000000001,0.04318889832908526
cv426uy,1,5,32,61404,22267,1,2284010,18245,5,1,-0.1034544159544159,-0.02910316884373491,0.05893657911595131,0.012499999999999997,-0.06987924865831843
cv43zgp,1,6,12,64517,3113,1,2280897,1579,5,0,0.47609679819417683,0.009638722927557651,0.0,-0.012499999999999997,-0.03209056860742254
cv444eo,1,7,12,64762,245,1,2280652,18245,5,0,-0.20299145299145296,0.0017461901306241054,0.0,-0.48750000000000004,-0.049045915324985104
cv44fcb,1,8,33,65302,540,1,2280112,1579,5,0,-0.19954854411783254,-0.02932888840847453,0.0,0.11250000000000002,-0.02451481103166496
cv4couy,0,9,7,80184,14882,1,2265230,18245,5,0,-0.14611314611314613,-0.18334996371552975,0.0,-0.48750000000000004,-0.13237924865831843
cv4jxkf,1,10,42,105471,25287,0,2239943,1579,5,0,-0.09268627058889234,0.031161531514319944,0.07367072389493914,0.23750000000000002,-0.02018580670266064
cv3nqzp,1,5,35,39964,827,1,2305450,1012,5,0,0.1003551496702183,-0.045122942977420574,0.08840486867392697,0.12499999999999999,0.07123287671232878
cv3bolv,1,0,55,14085,14085,5,2331332,515,5,1,0.32287341311088,0.017552221485411183,0.0,0.175,-0.04101703046294075
cv3ljcz,1,1,44,36677,22592,1,2308740,18245,5,0,0.4485236985236989,-0.014349127595128438,0.022919780767314397,-0.1125,-0.1096519759310457
cv3llvx,1,0,163,36784,36784,5,2308633,870,5,0,0.07146461638241956,0.037622175288390486,0.03902557265785965,0.0625,0.016104294478527598
cv43hnu,1,1,225,63648,26864,1,2281769,18245,5,0,0.12083570750237413,0.07190360328198883,0.04593235416931428,0.1375,-0.02571258199165176
cv43z04,1,2,73,64495,847,1,2280922,870,5,0,0.087927250964224,-0.019447981673926994,0.03640200474808758,0.0625,-0.029109589041095896
cv44h9f,1,3,108,65394,899,1,2280023,18245,5,0,0.2246491505750766,0.02775143488586885,0.0343796711509716,0.1375,-0.039786656065725845
