comment_id,score,depth,length,time_since_submission,time_since_parent,parent_score,age,karma,submission_score,urls,alignment_content,alignment_syntax_3,alignment_syntax_4,alignment_features_binary,alignment_features_frequency
cv4dg01,3,0,128,1502,1502,1,2263265,21440,1,0,0.21833741068654855,0.10922202797202793,0.02112676056338028,0.2875,0.0355603448275862
cv4gj9a,-1,1,4,10534,9032,3,2254233,18457,1,0,-0.11068995825093393,-0.24812874251497016,0.0,-0.39999999999999997,-0.09146341463414634
cv4gprq,3,2,3,11200,666,-1,2253567,21440,1,1,0.5601636118877499,-0.10625000000000001,0.0,-0.4625,-0.1206896551724138
cv4gtvx,-1,3,21,11633,433,3,2253134,18457,1,0,0.005676408115432511,-0.06334613381931789,0.0,0.1,-0.04384436701509872
cv4pdga,2,4,9,37661,26028,-1,2227106,56544,1,0,0.3505573242415347,0.09592013888888887,0.0,-0.21250000000000002,0.028404344193817876
cv56ad7,0,5,30,63439,25778,2,2201328,18457,1,0,0.33150223394125844,-0.00820938767626039,0.0,0.35000000000000003,0.10853658536585367
cv4h97o,2,4,80,13321,1688,-1,2251446,21440,1,0,0.11797141969555762,-0.0076675257731958785,0.010416666666666666,0.2875,-0.0456896551724138
cv4hh1s,-1,5,80,14236,915,2,2250531,18457,1,0,0.04640463634366072,-0.06727767868518285,0.02150537634408602,0.47500000000000003,-0.003963414634146345
cv4hinr,2,6,54,14432,196,-1,2250335,21440,1,0,0.04297976137056598,0.11912878787878782,0.06153846153846154,0.2875,0.04597701149425286
cv4hkv8,1,7,98,14691,259,2,2250076,18457,1,0,0.0959197126444513,-0.01201763140385896,0.07476635514018691,0.47500000000000003,0.05139372822299651
cv4hv9i,2,8,115,15933,1242,1,2248834,21440,1,0,0.10279319799559683,-0.016461267605633795,0.021276595744680854,0.2875,0.00974512743628185
cv4i4fc,1,9,318,17066,1133,2,2247701,18457,1,0,-0.003105959157500841,-0.10567064195631083,0.022408963585434174,0.47500000000000003,0.012310170271514043
cv4j70j,1,10,212,22083,5017,1,2242684,21440,1,0,0.05737308551231781,0.07577191235059763,0.032,0.2875,-0.012199089134677946
cv4hmgy,2,8,19,14877,186,1,2249890,87807,1,0,0.0837754479183193,-0.15159169124877087,0.0,0.1875,0.016117799223957813
cv4hsde,1,9,20,15588,711,2,2249179,18457,1,0,0.09876950120852554,-0.04574779013401766,0.049999999999999996,0.22500000000000003,0.058536585365853655
cv4ef7b,1,1,72,3938,2436,3,2260829,1715,1,0,0.11703829814066026,0.12183156270120814,0.03896103896103896,-0.08750000000000001,0.0005905511811023639
cv4fckv,1,2,117,6567,2629,1,2258203,3411,1,0,0.12286739107931166,0.1173023788065649,0.05555555555555555,0.15,0.02886737986075734
cv4ebj8,1,1,34,3672,2170,3,2261098,3411,1,0,0.3780660286308902,0.19333584337349388,0.0,0.15,0.1065446045968056
cv4en43,2,2,163,4520,848,1,2260250,21440,1,0,0.35741485085678026,0.07828947368421048,0.031746031746031744,0.2875,0.014279669980960433
cv4gcvi,1,3,27,9887,5367,2,2254883,1715,1,0,0.22047506824409702,0.21154752202923666,0.17857142857142855,-0.21250000000000002,0.023738699329250504
cv4ik5m,1,0,26,19127,19127,1,2245643,4094,1,0,0.45724563234290894,0.1000283947501263,0.11111111111111112,-0.012499999999999997,-0.05103262496258605
cv4jo30,1,1,71,24069,4942,1,2240701,1715,1,0,-0.03156100538822069,-0.09487881025916485,0.0,0.03749999999999999,-0.05398691360763003
cv4pgxr,1,0,56,37818,37818,1,2226952,56544,1,0,0.29791539659960703,-0.017919146825396828,0.0,0.16249999999999998,0.04229323308270677
cv5l7oq,1,0,8,91596,91596,1,2173174,88725,1,0,0.15056564197785577,-0.20591085271317836,0.0,-0.27499999999999997,-0.08396946564885496
cv5nb6v,1,1,18,98933,7337,1,2165837,1715,1,0,0.11703829814066033,0.044641391761037305,0.058823529411764705,-0.08750000000000001,0.09781277340332457
cv5vkqr,1,2,22,123911,24978,1,2140859,88725,1,0,0.3885877549999688,-0.07309835271317824,0.0,0.22500000000000003,0.006939625260235949
cv4gj3e,-1,0,8,10518,10518,1,2254252,18457,1,0,0.2384091408481652,0.10603792415169659,0.125,-0.27499999999999997,-0.09146341463414634
cv4jk5u,3,1,25,23634,13116,-1,2241136,1715,1,0,0.05497623607859839,0.005289539909185413,0.0,-0.21250000000000002,-0.044409448818897634
cv566tv,2,2,21,63279,39645,3,2201491,18457,1,0,-0.06081865837963399,-0.15958707584830342,0.0,0.10000000000000002,0.0037746806039488934
cv56lp7,1,3,31,63966,687,2,2200804,1715,1,0,-0.05313187202950976,0.058530280649926214,0.0,-0.08750000000000001,0.004622809245618489
cv56qdq,1,4,66,64181,215,1,2200589,18457,1,0,0.02683392927295368,-0.09229540918163673,0.04054054054054054,0.47500000000000003,-0.01570583887657058
cv5724c,1,5,30,64747,566,1,2200023,1715,1,0,-0.03811685701449476,0.033909068528713955,0.0625,-0.08750000000000001,0.008923884514435695
cv57bik,0,6,30,65208,461,1,2199562,18457,1,0,-0.1339632315242071,0.16316158006567513,0.13333333333333333,0.35000000000000003,0.04186991869918699
cv57qc9,1,7,27,65932,724,0,2198838,1715,1,0,0.11703829814066041,0.16269694731659287,0.038461538461538464,-0.21250000000000002,0.023738699329250504
cv58o75,1,8,37,67611,1679,1,2197159,18457,1,0,0.21953891927524102,-0.10832611093602271,0.0,0.22500000000000003,0.09772577455504286
