comment_id,score,depth,length,time_since_submission,time_since_parent,parent_score,age,karma,submission_score,urls,alignment_content,alignment_syntax_3,alignment_syntax_4,alignment_features_binary,alignment_features_frequency
cv64wm2,17,0,52,5036,5036,9,2125898,7675,9,0,0.018517025721636684,-0.024039311604880056,0.0,0.17500000000000002,0.07221236976280203
cv68nap,3,1,8,10888,5852,17,2120046,89536,9,0,0.1337809917355372,-0.04992887624466572,0.0,0.037500000000000006,0.13068181818181818
cv699qk,6,2,135,11886,998,3,2119048,7675,9,0,0.03544700931828694,0.027726616372959277,0.019867549668874173,0.30000000000000004,0.07691322446365674
cv69zso,1,3,29,13045,1159,6,2117889,89536,9,0,0.162777856939299,-0.015718349928876246,0.0,0.2875,-0.01586990595611286
cv6abzo,2,4,82,13601,556,1,2117333,7675,9,0,0.021672406925798377,0.05526598890244976,0.011363636363636364,0.30000000000000004,0.008891544246854566
cv6cb06,0,5,49,16997,3396,2,2113937,7988,9,0,0.01578229528097064,0.06287764567771933,0.04,0.1625,0.039870156336429
cv6fqao,1,6,5,23559,6562,0,2107375,7675,9,3,0.027141734346345328,-0.06005039193729003,0.0,-0.32500000000000007,-0.10086455331412104
cv6b7gj,0,5,53,15077,1476,2,2115857,89536,9,0,-0.019592364468007682,0.04170646210119894,0.03636363636363636,0.4125,0.012757289879931383
cv6fq98,2,6,5,23557,8480,0,2107377,7675,9,3,0.027141734346345328,-0.06005039193729003,0.0,-0.32500000000000007,-0.10086455331412104
cv884xo,1,5,18,183467,169866,2,1947467,52691,9,0,0.10203854367278489,0.00022114108801415223,0.0,0.225,-0.045611759619541725
cv8fspa,1,6,27,195457,11990,1,1935477,7675,9,0,0.05205755926217022,-0.06005039193729003,0.0,0.05,-0.026790479240046974
cv9gv4z,1,7,79,274630,79173,1,1856304,52691,9,0,0.017671668166668902,-0.014536340852130325,0.0,0.35,-0.02521794808648968
cv9hyw3,1,8,60,276401,1771,1,1854533,7675,9,0,0.045828603033214,0.0003211250905737489,0.014925373134328356,0.17500000000000002,-0.017531219980787716
cv6kuqo,2,4,34,34389,21344,1,2096545,9008,9,0,-0.010204555615553897,-0.019463630005245668,0.023809523809523808,0.05,-0.032285878520789416
cv6nz44,2,5,54,41973,7584,2,2088961,48745,9,0,-0.08786980920314252,0.038519485737243876,0.016949152542372878,0.42500000000000004,-0.014370370370370367
cv6zpxs,1,6,25,82393,40420,2,2048541,89536,9,0,0.12256887052341595,0.029018492176386912,0.04,0.1625,-0.03931818181818182
cv715gd,1,7,67,85128,2735,1,2045806,48745,9,0,0.01780551786521934,-0.01849805812240525,0.0,0.42500000000000004,0.020179104477611953
cv62e1s,6,0,44,1174,1174,9,2129760,23317,9,0,0.06855761502451117,-0.022521752168188653,0.021739130434782608,0.23750000000000002,0.0232334480664102
cv754so,1,1,13,92481,91307,6,2038453,18408,9,0,-0.020441679532588613,0.07847744360902256,0.08333333333333333,-1.3877787807814457e-17,0.03046953046953048
cv64d1z,2,0,43,4187,4187,9,2126747,31039,9,0,0.0521871630438055,0.014824025632239531,0.021739130434782608,0.08749999999999998,-0.030800060623410744
cv62hpl,2,0,59,1328,1328,9,2129606,14676,9,0,0.08795582948125318,-0.06864465084279327,0.0,0.38750000000000007,0.024049473202015573
cv63d5t,7,1,3,2657,1329,2,2128277,5424,9,0,-0.16488413547237074,-0.042012927054478295,0.0,-0.4,-0.11176470588235295
cv687an,3,2,7,10176,7519,7,2120758,24645,9,0,0.2626839826839826,-0.05701754385964913,0.0,-0.31250000000000006,0.011428571428571427
cv64vot,1,0,38,4997,4997,9,2125937,24643,9,0,0.1555748876323039,-0.057788051209103845,0.0,0.08750000000000001,-0.06698564593301437
cv6a3oy,1,0,171,13221,13221,9,2117713,30,9,0,0.021132870477421455,0.017797788661590486,0.015544041450777202,0.08333333333333334,0.002260918715624255
cv6d4rs,1,0,93,18512,18512,9,2112426,9030,9,0,0.050341257424194374,0.04486942094893863,0.0594059405940594,0.11249999999999999,0.021880134913084825
cv6f8ie,1,0,102,22576,22576,9,2108362,6847,9,0,0.016191941381104195,-0.011384960449268908,0.008695652173913042,0.2,-0.014563501749247407
cv6jyva,1,0,35,32439,32439,9,2098499,635,9,0,0.2304713804713805,0.09575514688971984,0.05555555555555555,0.25,0.08968253968253967
cv69f2o,1,0,3,12123,12123,9,2118815,13159,9,0,-0.20619993033786135,-0.05218554861730598,0.0,-0.5375000000000001,-0.1206896551724138
cv61xtz,-2,0,21,493,493,9,2130445,29,9,0,0.014364090506222503,-0.10737610449481368,0.0,-0.075,0.14358230601885422
cv6785w,2,1,20,8666,8173,-2,2122276,62381,9,0,-0.054857588763168166,-0.06254307849245953,0.0,0.2625,0.02553648068669527
cv628mg,7,1,8,945,452,-2,2129997,675,9,0,-0.06214669632100827,0.09438313803766632,0.0,-0.5125,-0.1162079510703364
cv652bb,3,2,11,5282,4337,7,2125660,4096,9,0,-0.024926409378405963,0.14779966676467704,0.0,-0.21250000000000002,-0.04772019258000565
cv64sj8,3,2,30,4862,3917,7,2126080,143328,9,0,-0.0893641590392493,-0.030612331800374714,0.0,-0.1375,-0.0709185720016045
cv78ils,1,3,14,98924,94062,3,2032018,127,9,0,-0.07320130849542614,-0.08284163323105971,0.0,0.2,0.016160310277957335
cv78njn,1,4,8,99194,270,1,2031748,143328,9,0,-0.20148537116046142,-0.0591211037301993,0.0,-0.6375000000000001,-0.13758523866827116
cv7ynyi,1,5,19,169086,69892,1,1961856,127,9,0,0.06168135270302453,0.019789945716308717,0.0,-0.04999999999999999,-0.021433674684448678
cv63t5m,-2,0,109,3333,3333,9,2127609,7988,9,0,0.031526708142028334,0.05616969934129002,0.039999999999999994,0.1625,-0.02247771859335941
cv68u2r,-1,1,114,11191,7858,-2,2119751,89536,9,0,0.04034664830119377,-0.003974437910023145,0.0,0.4125,-0.03159888357256779
cv6adfs,1,2,102,13665,2474,-1,2117277,7988,9,0,0.005911680368338922,0.01677575994735063,0.027522935779816515,0.1625,-0.02535593409974546
cv6b2y9,0,3,107,14868,1203,1,2116074,89536,9,0,0.10496479235859014,0.0527027027027027,0.01680672268907563,0.4125,0.03956032285471536
cv6bsie,0,4,185,16088,1220,0,2114854,7988,9,1,0.012566463493710293,0.01723088890055404,0.00980392156862745,0.1625,0.04417241778154761
cv6c1bl,0,5,29,16513,425,0,2114429,89536,9,0,0.20144034387764798,0.01849217638691322,0.0,0.4125,-0.050352664576802514
cv6cg1g,1,6,86,17246,733,0,2113696,7988,9,0,0.06394067068187097,-0.013242962748717602,0.0,0.1625,0.004511826958166085
cv6d7i9,0,7,35,18655,1409,1,2112287,89536,9,0,0.10975501770956317,0.05533428165007111,0.0,0.4125,0.05211038961038961
cv6da54,1,8,5,18793,138,0,2112149,7988,9,0,-0.23591838499113824,0.4552925063588339,0.0,-0.5874999999999999,0.07660485021398004
cv6dn08,0,9,34,19455,662,1,2111487,89536,9,0,-0.014614730189596485,-0.024896783818478305,0.0,0.4125,-0.001671122994652413
cv6dr4i,1,10,14,19665,210,0,2111277,7988,9,0,0.004341355268602066,0.02108198004304442,0.0,-0.21250000000000002,-0.05196657835744854
cv70ger,1,11,35,83832,64167,1,2047110,89536,9,0,0.07772038567493113,0.11212098525117915,0.05405405405405405,0.4125,-0.03360389610389611
cv6c05k,1,5,94,16457,369,0,2114485,89536,9,0,0.04432257780903817,-0.001970194493558983,0.018867924528301886,0.4125,-0.023573500967117994
cv6c7vn,1,6,268,16838,381,1,2114104,7988,9,0,-0.010002509821531686,0.005618062517271218,0.013793103448275862,0.1625,-0.00772350799497519
cv6de8e,2,7,336,19002,2164,1,2111940,89536,9,0,0.0637052341597796,0.026498895311885227,0.016,0.4125,0.005681818181818177
cv6dpnh,1,8,42,19589,587,2,2111353,7988,9,0,-0.04904969812245134,0.03987897252424742,0.04878048780487805,0.1625,-0.004347530738400926
cv6zykk,1,9,8,82869,63280,1,2048073,89536,9,0,-0.14652203856749313,-0.04992887624466572,0.0,0.037500000000000006,0.005681818181818177
cv6dnv0,1,8,458,19499,497,2,2111443,7988,9,1,0.023576123411667135,0.005414197870850927,0.013513513513513514,0.1625,0.00979262313974423
cv70b7a,1,9,269,83557,64058,1,2047385,89536,9,2,0.11189859903530064,0.011856020780505901,0.010067114093959733,0.4125,0.007075870226427833
cv976yd,0,10,191,259933,176376,1,1871009,7988,9,0,-0.0011095637948824405,0.012224470415316558,0.014705882352941176,0.03749999999999999,-0.002976301618480698
cv97ko3,1,11,328,260514,581,0,1870428,89536,9,0,0.055159410065175045,0.003642552326762852,0.013774104683195593,0.4125,-0.01870842572062084
cv98u5b,1,12,119,262433,1919,1,1868509,7988,9,0,-0.028635471825872096,-0.0026022304832713757,0.015503875968992248,0.1625,-0.005748090962490557
cv98zi7,1,13,82,262664,231,1,1868278,89536,9,0,-0.023462171605187113,0.03931597501391551,0.010989010989010988,0.4125,-0.009562084257206213
cv9bdbb,1,14,58,266299,3635,1,1864643,7988,9,0,-0.08126843723774217,0.011715343111733084,0.034482758620689655,0.1625,-0.05442963254464066
cv9mdgg,1,15,31,283912,17613,1,1847030,89536,9,0,0.034318626144139344,0.01044264078319806,0.030303030303030304,0.2875,-0.02254398826979473
cv9bbbn,1,14,11,266216,3552,1,1864726,7988,9,0,-0.23591838499113818,0.04476619056936024,0.0,-0.3374999999999999,-0.032486058876929055
cv646pu,8,1,10,3915,582,-2,2127027,47433,9,0,-0.12601233574684903,0.024942335919479974,0.0,-0.15,0.011504424778761069
cv64qo5,1,2,39,4782,867,8,2126160,7988,9,0,-0.005926154998908205,0.015442882298683491,0.024390243902439025,0.1625,0.030451004060133888
cv654d3,3,3,28,5370,588,1,2125572,4096,9,0,-0.06860999851654054,-0.08027050867391942,0.0,0.03749999999999999,-0.06720071206052514
cv657fd,1,4,27,5500,130,3,2125442,7988,9,0,-0.028286510692597227,-0.021211253039662353,0.0,0.03749999999999999,-0.08635811274898293
cv659fg,2,5,2,5586,86,1,2125356,4096,9,0,-0.22878315868970076,,,-0.8375,-0.13862928348909656
cv65nwy,0,6,40,6212,626,2,2124730,7988,9,0,-0.011675960748713958,-0.03602888221899366,0.0,0.1625,-0.04839514978601997
