comment_id,score,depth,length,time_since_submission,time_since_parent,parent_score,age,karma,submission_score,urls,alignment_content,alignment_syntax_3,alignment_syntax_4,alignment_features_binary,alignment_features_frequency
cv6wsx5,3,0,64,35693,35693,3,2054693,31039,3,0,0.030865841234023195,-0.04400521381002454,0.01408450704225352,0.08749999999999998,0.0011766835626357691
cv6x2fm,1,1,60,36500,807,3,2053886,5080,3,0,0.14471779101800245,-0.13166588930348258,0.0,0.5625,0.017768595041322305
cv6xf4h,0,2,32,37328,828,1,2053058,31039,3,0,-0.04035508899853493,0.05335777417796344,0.05555555555555555,0.08749999999999998,0.0011766835626357691
cv6xin0,2,3,25,37544,216,0,2052842,5080,3,0,0.0003767057466846139,-0.05115327380952381,0.037037037037037035,0.4375,-0.05223140495867769
cv6xszi,1,4,27,38174,630,2,2052212,31039,3,0,0.04801162073445385,-0.0526857693655801,0.0,0.08749999999999998,-0.0867862794003272
cv6nsel,2,0,33,1169,1169,3,2089217,10809,3,0,0.05782582424731998,0.1185344827586207,0.0588235294117647,0.125,0.05019112514542132
cv7fv8f,1,0,52,73106,73106,3,2017280,12196,3,0,0.1030179066259778,-0.014408138719053819,0.0,0.1375,-0.025546757164404216
cv8sbn6,1,1,50,180484,107378,1,1909902,3704,3,0,0.16457513416815747,0.07334474885844751,0.061224489795918366,0.325,0.023846153846153836
cv8vzsp,1,2,24,196897,16413,1,1893489,12196,3,0,0.06284199726402193,0.12237637306545797,0.07692307692307691,0.1375,0.02573529411764705
cv8n6hd,1,0,235,167775,167775,3,1922611,3051,3,1,0.12465771767574484,0.036641883287720715,0.023715415019762844,0.16249999999999998,0.01749287124369378
cv8nb3u,0,1,33,168000,225,1,1922390,5080,3,0,-0.03139214555705042,-0.16276041666666666,0.0,0.4375,0.049586776859504134
cv8npri,1,2,66,168730,730,0,1921660,3051,3,1,0.02113710831644179,0.008599569320209888,0.0136986301369863,0.16249999999999998,0.004920337394564184
cv6pkq0,-6,0,35,6637,6637,3,2083753,3661,3,0,0.08295315455658174,0.038528560888474686,0.027777777777777776,0.05,-0.026725905673274097
cv7fqdq,1,1,41,72823,66186,-6,2017567,12196,3,0,0.1751741961674063,0.17735322491730987,0.10256410256410256,0.2625,-0.06776064084170254
cv7fvzx,1,2,35,73148,325,1,2017242,3661,3,0,0.05039501502169799,0.04496356732348112,0.02941176470588235,0.05000000000000003,0.11613123718386875
cv7g8f4,1,3,31,73866,718,1,2016524,12196,3,0,-0.012208015239103915,-0.017193343710141164,0.0,0.1375,0.08487507906388361
cv7gfo3,1,4,14,74285,419,1,2016105,3661,3,0,0.16434850339379103,-0.07408405172413794,0.0,-0.2,0.030416951469583037
cv7gliw,1,5,29,74623,338,1,2015767,12196,3,0,0.08412641319559098,-0.03726602795625341,0.03571428571428571,-0.11249999999999999,-0.003000338066260988
cv7gp81,1,6,59,74833,210,1,2015557,3661,3,0,0.10502646949548598,-0.04048190118650352,0.016393442622950817,0.05,0.057051334036168994
cv7gzgg,1,7,104,75426,593,1,2014964,12196,3,0,0.015361377108983137,0.03294034612943103,0.07339449541284404,0.2625,0.032145550527903466
cv7hauu,1,8,25,76073,647,1,2014317,3661,3,0,0.07644152664960499,0.13424928160919544,0.08333333333333331,-0.2,0.007559808612440183
cv7hfpb,1,9,44,76346,273,1,2014044,12196,3,0,0.09305693736268292,-0.01852539827109599,0.02222222222222222,0.1375,-0.050022281639928695
cv7hlar,1,10,63,76667,321,1,2013723,3661,3,0,0.1733924310423698,0.09952705938697319,0.061538461538461535,0.17500000000000004,0.030416951469583037
cv6trcs,4,1,27,25125,18488,-6,2065265,21638,3,0,0.0912540447424168,-0.047348484848484855,0.0,0.2875,0.003003003003002991
cv71ciy,-1,2,30,45184,20059,4,2045206,3661,3,0,0.21318571269611664,0.19473315257693732,0.09999999999999999,0.17500000000000004,-0.012440191387559807
