comment_id,score,depth,length,time_since_submission,time_since_parent,parent_score,age,karma,submission_score,urls,alignment_content,alignment_syntax_3,alignment_syntax_4,alignment_features_binary,alignment_features_frequency
cv77nlg,10,0,23,4148,4148,0,2033068,47477,0,0,0.24574194639845887,0.03699278729147309,0.0,0.1125,-0.07325325664016241
cv7bykx,6,1,5,12460,8312,10,2024756,12978,0,0,0.03152643831060859,-0.10425240054869685,0.0,-0.48750000000000004,0.06082474226804124
cv7qpqw,1,2,67,48370,35910,6,1988846,586,0,0,-0.033433964393533286,-0.059403653165836415,0.0,0.0875,-0.025957170668397145
cv7c5xs,2,2,23,12860,400,6,2024356,14130,0,0,0.299457943216709,-0.02564411289970771,0.0,-0.22499999999999998,-0.11969111969111969
cv78jcf,2,0,120,5827,5827,0,2031393,145,0,0,0.10807792171139899,-0.043008714542293706,0.0,0.0625,0.0166010498687664
cv7am8q,1,1,17,9874,4047,2,2027346,4865,0,0,0.2020988100085274,0.18085434803701061,0.06473214285714285,0.2,-0.0626339604667778
cv7az0h,0,2,119,10562,688,1,2026658,145,0,0,-0.1348040697948809,-0.03758129458716778,0.0,0.0625,0.02633494342618939
cv7bwi8,1,3,30,12348,1786,0,2024872,4865,0,0,0.007222149666971375,-0.07477382915979408,0.0,0.325,0.04520917678812415
cv7e4z9,2,4,49,16739,4391,1,2020481,145,0,0,0.016630697660488292,0.11532222621758767,0.06341107871720116,0.0625,0.001124859392575922
cv78rzw,4,1,8,6297,470,2,2030923,62381,0,0,-0.33905579399141633,0.10284524340749236,0.0,-0.3625,0.0005364806866952759
cv792fr,0,2,108,6856,559,4,2030364,145,0,0,-0.059454933724682246,0.03263895297384236,0.018494897959183673,0.0625,0.006415864683581213
cv7a8us,2,3,15,9154,2298,0,2028066,37239,0,0,0.08116150324709892,-0.07924473493100946,0.0,-0.3125,0.021947194719471944
cv7apkr,3,4,51,10050,896,2,2027170,145,0,0,0.029377731958078305,0.008521640320956488,0.0,0.0625,-0.024085224641037517
cv79go8,6,3,41,7613,757,0,2029607,62381,0,0,-0.028276879750661017,0.06835572743649494,0.023538961038961036,0.3875,-0.002512299801109605
cv7a7kl,-2,4,152,9084,1471,6,2028136,145,0,0,0.014748832860238844,0.025457876270933117,0.032165039929015087,0.0625,-0.02989017820140903
cv7cgyi,3,5,103,13448,4364,-2,2023772,62381,0,0,-0.054527137555462665,0.013202234224253333,0.027018633540372667,0.3875,-0.007958664944372681
cv7evzv,-1,6,163,18275,4827,3,2018945,145,0,0,-0.00618258359897768,0.006044917720006206,0.01218487394957983,0.0625,0.011641949664267431
cv7iphv,2,7,86,26181,7906,-1,2011039,62381,0,0,-0.02791550892014849,0.03632974832056875,0.03203240058910162,0.3875,0.015071364407625507
cv7jges,-1,8,65,27714,1533,2,2009506,145,0,0,0.15545178440784232,0.09262091794413999,0.06277056277056277,0.0625,-0.06480920654149
