comment_id,score,depth,length,time_since_submission,time_since_parent,parent_score,age,karma,submission_score,urls,alignment_content,alignment_syntax_3,alignment_syntax_4,alignment_features_binary,alignment_features_frequency
cv9036b,3,0,176,2865,2865,4,1881697,6984,4,0,-0.020314762201881532,0.007012554806219295,0.037855477855477854,0.11666666666666664,0.03296756967960407
cv8zi4o,4,0,60,1712,1712,4,1882850,15240,4,0,0.2543307086614173,0.049019518963118625,0.01550802139037433,0.09999999999999998,0.04383202099737532
cv903ih,14,1,58,2884,1172,4,1881678,97140,4,0,0.08904548104861035,0.0633431273281444,0.069150521609538,0.21666666666666665,0.03406138071493785
cv94jib,1,2,28,10337,7453,14,1874225,1497,4,0,0.039886729275119694,-0.006591924795808293,0.0,0.4666666666666666,-0.0343082114735658
cv98pdu,1,3,7,16754,6417,1,1867808,1248,4,0,-0.11021262458471763,0.14047619047619048,0.0,-0.43333333333333335,0.01885714285714285
cv994x0,0,4,2,17422,668,1,1867140,1497,4,0,-0.19682423418002976,-0.04561308881697232,,-0.5333333333333333,-0.10573678290213723
cv99gch,1,5,17,17906,484,0,1866656,1248,4,0,0.012320109439124493,0.19510582010582017,0.1406060606060606,-0.10000000000000002,0.05247058823529413
cv9a2yu,3,6,21,18858,952,1,1865704,1497,4,0,0.18191330734820937,0.004050210846327357,0.0,0.4666666666666666,-0.010498687664041995
cv9bbxb,1,7,13,20767,1909,3,1863795,1248,4,0,0.006322003577817526,-0.07804232804232805,0.0,-0.10000000000000002,0.029846153846153856
cv9e99a,2,8,5,25148,4381,1,1859414,1497,4,0,0.06829204488973765,-0.04561308881697232,0.0,-0.3666666666666667,-0.10573678290213723
cv9g7ri,1,0,44,28134,28134,4,1856428,88725,4,0,0.25964285137904874,0.029474590869939702,0.0,0.4666666666666666,0.02966689798750867
cv95xgk,0,0,15,12500,12500,4,1872062,53014,4,0,-0.10624510060099296,0.008525632475212302,0.0,0.03333333333333335,0.02659176029962547
