comment_id,score,depth,length,time_since_submission,time_since_parent,parent_score,age,karma,submission_score,urls,alignment_content,alignment_syntax_3,alignment_syntax_4,alignment_features_binary,alignment_features_frequency
cv9bhjq,14,0,41,1267,1267,0,1863126,58922,0,0,0.43536343147409523,-0.2049463782223421,0.027020467599708758,0.13749999999999998,-0.08654061311255314
cv9crtd,-1,1,73,3173,1906,14,1861220,7493,0,0,0.5523923974068259,0.1068612827615598,0.24739519036096982,0.3375,-0.027655724993538383
cv9dayj,3,2,66,3966,793,-1,1860427,58922,0,0,0.3971436678331602,0.1279336734693871,0.1840524604617843,0.13749999999999998,0.061648596052265775
cv9f4gn,2,2,52,6717,3544,-1,1857676,105647,0,0,0.18941364187917428,0.0448360730836526,0.1221117285756069,0.3375,0.03813716404077849
cv9h6pc,1,3,28,9927,3210,2,1854466,7493,0,0,0.3247005863228386,0.1232351889911537,0.16932826362484155,0.21250000000000002,-0.07951482479784366
cv9fze0,2,1,41,8032,6765,14,1856361,1981,0,0,0.34654738663553497,-0.15949707559798532,0.18520278833967047,0.04999999999999999,-0.038368488019927954
cv9g431,5,2,75,8240,208,2,1856153,58922,0,0,0.24044263690532489,0.10436694414607947,0.1989097072701452,0.13749999999999998,0.05134556574923549
cv9gcee,2,3,156,8602,362,5,1855791,1981,0,0,0.08525650251337101,0.06421752313468802,0.2041010320478001,0.04999999999999999,0.005096177395956969
cv9gkov,3,4,95,8963,361,2,1855430,58922,0,0,0.314669441029036,0.16781583078575474,0.24659455867695373,0.13749999999999998,0.0015210043457267175
cv9gqnx,2,5,206,9225,262,3,1855168,1981,0,0,0.12168159278692467,0.06995703945666572,0.24085485774223153,0.04999999999999999,-7.13353259668148e-06
cv9gymu,0,6,140,9571,346,2,1854822,58922,0,0,0.34117901393036193,0.05216216399951074,0.22649003414787727,0.13749999999999998,-0.0067496723460026276
cv9h4h6,0,7,123,9832,261,0,1854561,1981,0,0,0.21277821389226106,0.07688653159629286,0.317490494296578,0.04999999999999999,-0.013978244117488936
cv9h8nr,1,8,53,10015,183,0,1854378,58922,0,0,0.2936618549562876,0.03201295060960695,0.2041010320478001,0.13749999999999998,0.034490219837285785
cv9hcrn,1,9,54,10197,182,1,1854196,1981,0,0,0.033357656800092506,-0.14687204203192775,0.10079063311002474,-0.07500000000000001,-0.006299834000054433
cv9hge0,1,10,96,10358,161,1,1854035,58922,0,0,-0.019093445568902138,-0.09010647262756212,0.13532381724116435,0.13749999999999998,-0.041571100917431186
cv9hpfb,1,11,194,10764,406,1,1853629,1981,0,0,0.028870227506626267,-0.06154422896477602,0.1484371142165819,0.04999999999999999,-0.012218123423498484
cv9hxwr,1,12,175,11148,384,1,1853245,58922,0,0,0.2941687046520113,0.07592433979036245,0.194895154914731,0.13749999999999998,-0.009606815203145463
cv9i2vd,0,13,145,11367,219,1,1853026,1981,0,0,0.1753492039818279,-0.10948914537141624,0.08964437486021025,0.04999999999999999,-0.011791532595201298
cv9i6c0,1,14,99,11524,157,0,1852869,58922,0,0,0.23094560472788045,-0.15610743258522203,0.07867021097614321,0.13749999999999998,-0.044412010008340275
cv9iinc,1,15,95,12083,559,1,1852310,1981,0,0,-0.029414393600823922,-0.11997523139119516,0.1448202254686145,0.04999999999999999,-0.041192621524420894
cv9in25,1,16,87,12291,208,1,1852102,58922,0,0,0.1269694765782718,-0.0897120032223417,0.20118209539585136,0.13749999999999998,-0.05486133080248866
cv9irxe,1,17,59,12523,232,1,1851870,1981,0,0,-0.08099573205967428,0.0593368395470211,0.2539923954372624,0.04999999999999999,-0.05118370091781965
cv9iyld,1,18,124,12835,312,1,1851558,58922,0,0,-0.07043198896763829,0.04091805750640345,0.16098109569967334,0.13749999999999998,-0.04661142349807634
cv9j3p6,0,19,166,13073,238,1,1851320,1981,0,0,0.029162180737767388,-0.026583527777540764,0.14627834292198358,0.04999999999999999,-0.0515921142320937
cv9jc4u,1,20,86,13469,396,0,1850924,58922,0,0,0.060054240837235685,-0.008845775152166198,0.1257388096224071,0.012499999999999983,-0.007414124173245135
cv9jfzk,0,21,43,13652,183,1,1850741,1981,0,0,0.10522957667009451,-0.08411281720355185,0.16932826362484157,-0.07500000000000001,0.05011704799822292
cv9g976,3,1,30,8463,7196,14,1855930,88725,0,0,0.41866687652475015,-0.17903406772745845,0.043791792316769364,0.35,-0.017302798982188297
cv9gerw,4,2,14,8704,241,3,1855689,58922,0,1,0.17328505222196697,-0.17057823129251704,0.0,-0.23750000000000002,-0.06389252948885976
cv9hg7j,1,3,15,10351,1647,4,1854042,88725,0,0,-0.20813724718658996,-0.02192253890540294,0.19537876572097104,0.35,0.04936386768447837
cv9er9v,3,0,55,6166,6166,0,1858227,10615,0,0,0.15856076307746497,0.09030609373091932,0.1612650129760396,0.02499999999999998,0.027961072869689046
cv9c4l0,6,0,51,2211,2211,0,1862182,9744,0,0,-0.031198395297849495,0.1926869045260231,0.2721347093970668,0.2,-0.02389140271493212
cv9c7wv,-1,1,22,2350,139,6,1862043,7493,0,0,0.20259588689855174,-0.0940601915974141,0.22086295255414118,-0.037500000000000006,-0.014579759862778735
cv9cbob,6,2,26,2504,154,-1,1861889,9744,0,0,0.4881839809674857,-0.2031928029663914,0.09407125756935643,0.32499999999999996,-0.10307692307692307
cv9cw7k,0,3,52,3355,851,6,1861038,7493,0,0,0.6217437493453831,-0.02894159741458893,0.1814231395980445,0.3375,-0.05478955007256893
cv9d12r,0,4,28,3553,198,0,1860840,9744,0,0,0.029704316302254386,-0.18355386186363476,0.08758358463353873,0.19999999999999996,-0.0701098901098901
cv9fcc0,2,5,91,7047,3494,0,1857346,7493,0,0,-0.17898129880234534,-0.39649988457987,0.021343898776240534,0.21250000000000002,-0.07402031930333816
cv9fie1,0,6,9,7301,254,2,1857092,9744,0,0,-0.18482685699180534,-0.2621096262746622,0.21166032953105196,0.075,-0.030427350427350425
cv9h1kc,0,7,75,9702,2401,0,1854691,7493,0,0,0.09860338455553413,0.20409464150807669,0.2506503902341405,0.21250000000000002,-0.004276729559748421
cv9cepa,3,2,74,2628,278,-1,1861765,5755,0,0,0.05898977032997658,0.14124460290525095,0.12860374452519613,0.037500000000000006,-0.05405405405405406
cv9g2xw,3,1,109,8191,5980,6,1856202,1981,0,0,0.04254247767506731,-0.012105607614189131,0.18142313959804454,-0.07500000000000001,-0.025837720510417994
cv9gfoi,-2,2,9,8743,552,3,1855650,9744,0,0,0.07634152788791977,-0.00025707823790453596,0.15874524714828897,-0.05,-0.030427350427350425
cv9gi3p,0,3,19,8848,105,-2,1855545,1981,0,0,-0.32632161009567107,-0.2634248881417678,0.11545108883511924,-0.45,-0.03066630573494722
cv9gku4,-1,4,1,8969,121,0,1855424,9744,0,0,-1.229500396510706,,,-0.675,-0.14153846153846153
cv9hacx,-1,5,47,10092,1123,-1,1854301,7493,0,0,0.2639729831517173,-0.05176093383763045,0.2739133676284202,0.21250000000000002,-0.10839020473705338
cv9hbvg,0,6,6,10160,68,-1,1854233,9744,0,0,0.7292624900872328,0.25635841883812005,0.31749049429657794,-0.3,-0.14153846153846153
cv9hpd7,1,7,68,10761,601,0,1853632,7493,0,0,-0.011087337093950598,0.2409082263665094,0.1632808256382401,0.21250000000000002,-0.003884572697003319
cv9ht4n,0,8,24,10933,172,1,1853460,9744,0,0,0.14163362410785094,0.2976001951539088,0.22086295255414118,0.32499999999999996,0.025128205128205128
cv9i2sn,1,9,64,11363,430,0,1853030,7493,0,0,0.09909307527718354,-0.14512143846458284,0.09202623023089215,0.3375,0.005306603773584911
cv9i77t,1,10,75,11566,203,1,1852827,9744,0,0,0.30616970658207815,0.03918653342839215,0.2279418933411329,0.32499999999999996,0.018461538461538474
cv9ib1i,1,11,46,11740,174,1,1852653,7493,0,0,-0.011087337093950572,-0.025323897737765607,0.18914327319796131,0.21250000000000002,0.001230516817063182
cv9ic9g,1,12,17,11795,55,1,1852598,9744,0,0,0.4296869897840184,-0.15120737063556527,0.23811787072243346,0.07499999999999998,-0.02389140271493212
cv9j0ym,0,13,1,12946,1151,1,1851447,7493,0,1,-1.1863450690527133,,,-0.6625000000000002,-0.1509433962264151
cv9jct8,1,14,103,13500,554,0,1850893,9744,0,0,0.0028086816596476164,-0.02858476298006254,0.13981232776363064,0.32499999999999996,-0.07357729648991784
cv9j7mj,1,14,1,13256,310,0,1851137,9744,0,1,-1.229500396510706,,,-0.675,-0.14153846153846153
cv9bd5i,3,0,34,1083,1083,0,1863310,11823,0,0,0.032747119466343275,-0.005410446994419143,0.10296989004213339,0.08749999999999998,-0.05108359133126934
cv9ckhf,4,1,28,2869,1786,3,1861524,20459,0,0,0.4859644318795743,-0.25894666777686576,0.08466413181242077,0.4375,-0.04863603732950468
cv9cxeb,-1,2,28,3405,536,4,1860988,7493,0,0,0.4086475671770364,-0.01550442718638697,0.2351781439233911,0.21250000000000002,-0.00808625336927224
cv9d7xc,2,3,51,3840,435,-1,1860553,2008,0,0,0.14275318374772625,-0.11832108930922158,0.04535578489951113,0.21249999999999997,0.021336429308565524
cv9d4dx,2,3,8,3692,287,-1,1860701,20459,0,0,0.2760969797440813,0.46832766725426067,0.5079847908745247,-0.0625,0.09422110552763818
cv9boha,3,1,18,1551,468,3,1862842,5755,0,0,0.7154400350276642,-0.17777266683159068,0.0,-0.2125,0.003003003003002991
cv9clre,1,2,22,2922,1371,3,1861471,7493,0,0,0.7368039468798081,-0.30026907317636137,0.11043147627707059,0.0875,-0.1509433962264151
cvaopqc,1,3,17,97607,94685,1,1766786,474,0,0,0.1908029996006444,-0.0799240512911382,0.3386565272496831,-0.13749999999999998,0.10435701880238615
cvaoyxk,1,4,141,98037,430,1,1766356,7493,0,0,0.3139839504691115,-0.11945321735448242,0.105830164765526,0.3375,-0.009099424595209404
cvapm7j,1,5,129,99109,1072,1,1765284,474,0,0,0.265830852986065,-0.1698662230436569,0.1360673546985334,0.1125,0.03960553681424206
cv9cs40,3,3,74,3185,263,1,1861208,5755,0,0,0.47191816263981284,0.2222193100618622,0.1724639722104868,0.037500000000000006,0.013513513513513514
cv9d86h,1,2,32,3851,2300,3,1860542,11823,0,0,0.1234839296543359,-0.10429423816093153,0.10885388375882672,0.08749999999999998,-0.10806888544891641
cv9e2gk,1,3,151,5129,1278,1,1859264,5755,0,0,0.23547826811293746,0.30269106872681795,0.27269122209522034,0.037500000000000006,0.03096473957401108
cv9eldv,1,4,41,5917,788,1,1858476,11823,0,0,0.07152893845493945,-0.18677779079251008,0.08658831662633944,0.21249999999999997,-0.041757909839160307
cv9ep2v,1,5,35,6072,155,1,1858321,5755,0,0,0.09982884209688353,0.16186549106314552,0.10885388375882672,0.037500000000000006,0.006177606177606168
cv9f2s9,2,6,20,6647,575,1,1857746,11823,0,0,0.4613705275924803,-0.20510746915508304,0.06684010406243746,-0.03750000000000002,-0.0393188854489164
cv9f51b,1,7,19,6741,94,2,1857652,5755,0,0,-0.12992078971460408,0.011895395369364868,0.3628462791960891,-0.4625,-0.10810810810810811
cv9kx1a,1,0,56,16170,16170,0,1848223,9744,0,0,0.4074657301461424,0.09139131357496115,0.1782402774998332,0.19999999999999996,-0.0701098901098901
cv9mlw9,1,0,356,19114,19114,0,1845279,704,0,0,0.2733355026283876,0.01642349734537848,0.19883243077159427,0.2125,-0.0019697888013427423
cva66aj,1,0,17,69406,69406,0,1794987,28884,0,0,0.08691745656766384,-0.06508745186136108,0.07937262357414449,-0.5625,0.1741950164978951
cvaja1s,1,0,55,89448,89448,0,1774945,10615,0,0,-0.1405957505120383,-0.04772081893885937,0.12491429283799786,0.02499999999999998,-0.02658438167576549
cvanflo,2,1,44,95547,6099,1,1768846,7493,0,0,-0.06450814309207614,-0.12155470914127404,0.14431386104389907,0.21250000000000002,-0.014579759862778735
cv9ft19,-1,0,21,7752,7752,0,1856641,686,0,0,0.15208331957442017,-0.4140478728936965,0.0,0.225,-0.03480674781123211
