comment_id,score,depth,length,time_since_submission,time_since_parent,parent_score,age,karma,submission_score,urls,alignment_content,alignment_syntax_3,alignment_syntax_4,alignment_features_binary,alignment_features_frequency
cvah6fe,24,0,165,1638,1638,42,1777469,20209,42,0,0.10542625985316442,0.04068730588117422,0.027173913043478264,0.09999999999999999,0.03997421018697614
cvaow40,1,1,108,13096,11458,24,1766011,28884,42,0,0.10007129173223892,0.028302299152023782,0.048780487804878044,0.07142857142857142,0.06526255462425674
cvan9du,6,1,105,10471,8833,24,1768636,39104,42,0,0.05312011763624667,0.05674132630654368,0.02631578947368421,0.21428571428571427,0.02507122507122507
cvaotwm,9,2,426,12991,2520,6,1766116,14944,42,0,0.06780733830663481,0.021065700840981742,0.015418502202643174,0.12857142857142856,0.011509919733454499
cvay47t,1,3,78,29403,16412,9,1749704,36886,42,0,-0.038338586725683514,0.053678102065198845,0.012048192771084336,0.3857142857142857,0.03291753291753291
cvav5su,2,3,291,24166,11175,9,1754941,4566,42,0,-0.0017761026740075625,0.05565666320011887,0.022082018927444796,0.5,0.024329896907216486
cvbbfpo,1,4,121,69779,45613,2,1709328,4179,42,0,0.09263837243641071,0.029360325544776945,0.03076923076923077,0.21428571428571425,0.02451147677196315
cvbje9n,1,5,2,81965,12186,1,1697142,893,42,0,0.3327148158721097,-0.06765935214211077,,-0.7857142857142857,-0.13451327433628318
cvbuvmc,1,6,12,98252,16287,1,1680855,633,42,0,-0.04090696587190274,-0.0051196900511969005,0.0,-0.35714285714285715,0.16304347826086957
cvbwe8b,1,7,81,100656,2404,1,1678451,893,42,1,-0.06453727492836828,0.015996978607243244,0.023529411764705882,0.07142857142857141,0.0012891947995192776
cvbwfq6,1,8,36,100724,68,1,1678383,633,42,0,-0.04090696587190273,-0.07077625570776254,0.0,0.21428571428571427,-0.0036231884057971037
cvbwinr,1,9,74,100859,135,1,1678248,893,42,0,-0.06397219371812574,0.03140356619791602,0.024390243902439022,-0.07142857142857144,0.014135374312365473
cvbwnrg,1,10,7,101096,237,1,1678011,633,42,0,-0.06778868630201025,-0.09855403348554033,0.0,-0.3571428571428571,-0.08695652173913043
cvbws1u,1,11,9,101301,205,1,1677806,893,42,0,-0.10635328448631332,-0.06765935214211073,0.0,-0.6428571428571429,-0.13451327433628318
cvbwvr5,1,12,16,101478,177,1,1677629,633,42,0,-0.08794997662459088,-0.03431792237442922,0.0,-0.21428571428571427,-0.024456521739130432
cvbwkve,1,10,9,100960,101,1,1678147,633,42,0,-0.22907900888265542,0.28686263318112637,0.14285714285714285,-0.3571428571428571,0.024154589371980673
cvbwnio,1,11,31,101084,124,1,1678023,893,42,0,0.09598224563277559,0.03180301344928709,0.03333333333333333,-0.35714285714285715,0.12355124179274907
cvbwona,1,12,14,101137,53,1,1677970,633,42,0,0.0935016362786349,0.04827136333985647,0.07692307692307691,0.21428571428571427,0.05590062111801242
cvbwrly,1,13,8,101281,144,1,1677826,893,42,0,0.05045675135598059,0.04653817872208677,0.0,-0.6428571428571429,-0.13451327433628318
cvbwt3d,1,14,15,101351,70,1,1677756,633,42,0,-0.07854137447405328,-0.09855403348554036,0.0,-0.07142857142857142,0.0463768115942029
cvbww93,1,15,39,101502,151,1,1677605,893,42,0,-0.0002049525315297595,-0.020942180424939047,0.0,-0.07142857142857144,-0.0832312230542319
cvbx06z,1,16,27,101692,190,1,1677415,633,42,0,-0.019998961092930242,0.048271363339856495,0.0,0.3571428571428572,-0.012882447665056362
cvbe670,4,4,575,74307,50141,2,1704800,14944,42,0,0.0629399855223273,0.02890693957394022,0.02711323763955343,0.12857142857142856,0.012314165497896226
cvbfwa5,3,5,601,76899,2592,4,1702208,4566,42,1,0.006751789629788663,0.04427566790431685,0.01984732824427481,0.5,0.008119800332778704
cvb3bji,2,3,155,41385,28394,9,1737722,37239,42,0,0.05313411153810492,0.036911666862353726,0.024096385542168672,0.17142857142857143,0.017646119450654738
cvaonfc,22,1,89,12703,11065,24,1766404,29743,42,0,0.011663847609842525,0.006427620512360262,0.0,0.2714285714285714,0.04341448189762796
cvaigcd,6,0,106,3478,3478,42,1775629,5120,42,0,0.03090649817334203,0.028280489176028996,0.026086956521739132,0.21428571428571427,0.052146961675942266
cvaized,28,1,45,4217,739,6,1774893,20209,42,0,-0.08388621978189581,-0.017362580740140958,0.0,-0.042857142857142864,-0.03073286052009458
cvapvbv,-8,2,11,14735,10518,28,1764375,191,42,0,-0.01852365996286592,0.018636499768575246,0.0,0.08571428571428572,0.05459924690693921
cvaqlhx,14,3,6,15983,1248,-8,1763131,18457,42,0,0.15604510883818512,-0.1292415169660679,0.0,-0.08571428571428572,0.07520325203252032
cvaqrtc,-8,4,1,16293,310,14,1762821,191,42,0,-0.22380225233823248,,,-0.4857142857142857,-0.12721893491124261
cvb2yn4,2,5,8,40284,23991,-8,1738830,26656,42,0,0.1310001543448063,-0.11061285500747385,0.0,0.07142857142857142,0.019736842105263164
cvbfj1x,1,6,114,76357,36073,2,1702757,191,42,0,0.043600124571784485,0.008331241301552062,0.02222222222222222,0.5142857142857143,0.0043600124571784304
cvak3fh,11,2,43,5814,1597,28,1773300,54805,42,0,-0.0861451317885651,0.0682727197756886,0.0,0.5571428571428572,0.07290305722498042
cvalm57,8,3,13,8024,2210,11,1771090,29256,42,0,-0.19402195108362585,-0.06107201806967249,0.0,-0.3142857142857142,-0.04829281254151721
cvasrzp,1,4,15,19812,11788,8,1759302,3462,42,1,0.03335777126099705,0.003382156837441386,0.0,-0.08571428571428572,-0.06212121212121212
cvajjpm,1,0,14,5030,5030,42,1774084,2179,42,0,-0.03654010847844705,-0.00316239316239317,0.0,-0.3,0.008343868520859665
cvassrl,-1,1,1,19849,14819,1,1759265,3462,42,0,-0.19244868035190613,,,-0.6571428571428571,-0.12878787878787878
cvanbqm,3,1,88,10571,5541,1,1768543,10369,42,0,0.03555276825778184,0.020114685731307713,0.02247191011235955,0.11428571428571428,0.0212212486308872
cvapw7z,2,2,110,14778,4207,3,1764336,23743,42,0,0.10193694330552806,0.05689484126984125,0.02702702702702703,0.12857142857142856,0.03323907818464583
cvawiuj,2,3,104,26576,11798,2,1752538,10369,42,0,-0.003923884122096329,-0.05759534136896329,0.0,-0.02857142857142858,-0.0015060240963855331
cvbbbr0,1,4,4,69573,42997,2,1709541,44810,42,0,-0.21673387096774197,-0.074667616334283,0.0,-0.2571428571428571,-0.09821428571428571
cvav3zi,3,3,180,24077,9299,2,1755037,14944,42,0,0.19307867961614064,-0.005052278401997502,0.010471204188481674,0.12857142857142856,0.014874551971326158
cvapd09,-17,0,24,13876,13876,42,1765238,14857,42,0,0.08533933106392178,0.030480105937423,0.0,0.17142857142857143,0.011934673366834167
cvasw1e,3,1,9,20011,6135,-17,1759103,3462,42,1,0.05844737699576408,-0.05371660859465738,0.0,-0.3714285714285714,-0.01767676767676768
cvav95u,-8,2,75,24332,4321,3,1754782,14857,42,0,0.05711352461230887,-0.03681486760755052,0.0,0.31428571428571433,-0.03306532663316583
cvavhck,5,3,34,24734,402,-8,1754380,3462,42,0,0.0732059686044506,0.1217576461478901,0.075,0.2,-0.06996434937611408
cvawdke,-4,4,5,26322,1588,5,1752792,14857,42,0,-0.01815529259199222,0.10756343927075633,0.0,-0.2571428571428572,0.08693467336683418
cvawi3k,6,5,33,26540,218,-4,1752574,3462,42,0,0.11546920821114369,0.06374370886566008,0.029411764705882353,0.3428571428571428,0.022727272727272735
cvayyv2,-3,6,6,30978,4438,6,1748136,14857,42,0,-0.055789701194142734,0.030480105937423004,0.0,-0.6857142857142857,-0.11306532663316583
cvaqm48,13,1,11,16013,2137,-17,1763101,18457,42,0,0.1902582075674129,-0.01504398610187035,0.0,0.05714285714285715,0.09035476718403548
cvaqrk4,-5,2,112,16279,266,13,1762835,14857,42,0,0.03829632031123357,0.04760973556705264,0.03361344537815126,0.31428571428571433,0.03872038765254844
