comment_id,score,depth,length,time_since_submission,time_since_parent,parent_score,age,karma,submission_score,urls,alignment_content,alignment_syntax_3,alignment_syntax_4,alignment_features_binary,alignment_features_frequency
cvbkt8b,1,0,14,397,397,1,1694778,14676,1,0,0.40077220077220077,-0.07222222222222222,0.0,0.18333333333333335,0.04826254826254825
cvblixz,1,0,208,1402,1402,1,1693773,3119,1,0,0.09032967032967032,0.06268886675689712,0.018018018018018018,0.08333333333333331,0.010989010989010992
cvbltqb,1,1,15,1833,431,1,1693346,5838,1,0,0.23140495867768596,-0.006310978497679272,0.0,0.13333333333333333,0.02258953168044077
cvbm01z,1,2,22,2081,248,1,1693098,808,1,0,0.14596160811300254,0.09641025641025643,0.08558558558558559,0.13333333333333333,-0.04454907642158637
cvbmarc,1,3,61,2519,438,1,1692660,5838,1,0,0.18550331933342362,0.012006251776072743,0.015103338632750398,0.3,0.08707040599738067
cvbmk1w,1,0,30,2899,2899,1,1692280,97715,1,0,0.034037267080745344,0.14573412698412697,0.0906200317965024,0.3333333333333333,-0.026501035196687367
cvbnrg2,1,1,11,4607,1708,1,1690572,12221,1,0,-0.1661538461538462,-0.021241830065359478,0.0,0.06666666666666668,0.044755244755244755
cvbnsih,0,2,6,4649,42,1,1690530,97715,1,0,-0.045962732919254706,-0.07093253968253967,0.0,-0.3333333333333333,0.07349896480331262
cvbydeu,2,3,9,20461,15812,0,1674718,5838,1,0,0.09807162534435258,0.3668371696504688,0.11411411411411412,-0.3666666666666667,0.06703397612488521
cvbyevp,1,4,37,20534,73,2,1674645,97715,1,0,0.1107940238375021,0.09573412698412698,0.02702702702702703,0.5,0.1230485143528622
cvbkpe5,1,0,31,246,246,1,1694933,19327,1,0,0.17233919258257677,0.07105828632822991,0.031122031122031126,0.19999999999999996,0.12999806837937028
cvbkwwq,2,1,81,539,293,1,1694640,11223,1,0,-0.011348294106914805,-0.04572982166786928,0.0,0.11666666666666664,0.012680167852581636
cvbl2cj,2,2,121,752,213,2,1694427,19327,1,0,0.04213391399020139,0.04284394715744711,0.0158004158004158,0.19999999999999996,0.01989409610531004
cvblc4y,2,3,114,1136,384,2,1694043,11223,1,0,0.059217008037334706,-0.04283165865734672,0.008216216216216217,0.11666666666666664,-0.012660962751706861
cvblot4,1,4,135,1633,497,2,1693546,19327,1,0,0.10839654025282769,0.013953626282393406,0.0,0.19999999999999996,0.015302727877578165
cvblymd,2,5,202,2024,391,1,1693155,11223,1,0,0.003979905379700532,-0.008760045515966156,0.028795150290477394,0.11666666666666664,0.01799736623908696
cvbml6e,0,6,51,2945,921,2,1692234,19327,1,0,0.05924621345544206,0.018319949614233975,0.0,0.19999999999999996,0.02183867558999647
cvbr3fn,2,7,159,9228,6283,0,1685951,14944,1,6,-0.033323189287888,0.000715038578825647,0.01692901692901693,0.09999999999999998,0.019172245891661596
cvbn6wb,2,7,57,3806,861,0,1691373,11223,1,0,0.06974332382680841,-0.025635891461579536,0.01656495204882302,0.11666666666666664,0.05751447584478436
cvbpx5n,1,8,6,7605,3799,2,1687574,5838,1,0,0.031404958677685973,-0.06649616368286446,0.0,-0.3666666666666667,0.4559228650137741
cvbte3i,1,9,129,12429,4824,1,1682750,11223,1,0,-0.05510367739718181,-0.0639025283197657,0.0,0.11666666666666664,0.011818841409859865
