comment_id,score,depth,length,time_since_submission,time_since_parent,parent_score,age,karma,submission_score,urls,alignment_content,alignment_syntax_3,alignment_syntax_4,alignment_features_binary,alignment_features_frequency
cvckora,9,0,108,1091,1091,0,1619477,2118,0,0,0.26571407140714065,0.16757237958491067,0.1739980449657869,0.11249999999999998,-0.004441854441854451
cvckwcn,1,1,4,1435,344,9,1619137,5662,0,0,-0.21934283122968803,-0.004335470708248289,0.0,-0.5249999999999999,-0.12595419847328243
cvcp8zp,2,1,64,8007,6916,9,1612569,1463,0,1,-0.0622619954303123,0.16500727404982718,0.1519419547588562,0.3125,-0.0012019230769230727
cvcwv6v,0,2,44,19061,11054,2,1601515,33224,0,0,0.12294007178495621,0.3222666318294483,0.23973063973063974,0.10000000000000002,0.017022072577628125
cvcxk19,2,3,79,20066,1005,0,1600510,1463,0,1,-0.07378834585016444,0.09509001636661205,0.10274170274170275,0.3125,-0.009311100292112948
cvcy1za,0,4,28,20786,720,2,1599790,33224,0,0,-0.09255112019138419,0.22926526017485002,0.1541125541125541,0.35,-0.08362727807172252
cvcz73d,1,5,19,22472,1686,0,1598104,1463,0,1,-0.0036865655189000546,0.17426134895339818,0.23973063973063974,-0.06250000000000001,0.0999493927125506
cvcq453,3,2,20,9186,1179,2,1611390,2118,0,0,0.05886588658865898,0.055102054836870286,0.059932659932659935,-0.1375,-0.0062937062937062915
cvckn1i,6,0,160,1014,1014,0,1619562,41997,0,0,0.4153724122412242,0.40733191008111747,0.4954897815362932,0.0625,0.011174242424242448
cvckwrz,6,0,220,1454,1454,0,1619122,145,0,0,0.17598608286025455,0.06243134177298325,0.11331805449452509,0.0625,0.01735862562634216
cvcwydk,0,1,9,19186,17732,6,1601390,33224,0,0,0.2864564234201198,0.2947458177683934,0.0,0.1,-0.008230452674897124
cvcqai4,7,0,19,9433,9433,0,1611143,20459,0,0,0.09162278301355645,-0.16854852630693717,0.04903581267217631,-0.0625,-0.05051573657762498
cvckcx1,10,0,57,560,560,0,1620016,5046,0,0,-0.02471869994016946,0.16590895314299564,0.04979020979020979,0.2,-0.06448992852501625
cvckhmq,-1,1,32,774,214,10,1619802,5662,0,0,0.33712375292872787,0.05151559312153898,0.09807162534435261,0.1,0.03029580152671757
cvckxmr,0,2,17,1492,718,-1,1619084,5046,0,0,0.11227054077956801,0.19073164817845673,0.20227272727272727,0.075,-0.05210602759622368
cvcmgaw,6,1,204,3840,3280,10,1616736,10001,0,0,0.113310965714279,-0.06742990405757854,0.06317226317226317,0.024999999999999994,0.036971051254177226
cvcwvu2,2,2,165,19088,15248,6,1601488,5229,0,0,0.16831367961698898,0.029054761074293802,0.11854811854811854,0.024999999999999994,0.04540738120504656
cvczxf0,1,3,205,23554,4466,2,1597022,10001,0,0,0.25161835097217355,0.07349463013939243,0.11624869383490075,0.024999999999999994,0.041107827916061504
cvd0wi7,1,4,167,25016,1462,1,1595560,5229,0,1,0.1586789436883063,0.11077127659574529,0.15249881009043312,0.024999999999999994,0.0013863323935786043
cvd9oj2,1,5,69,39865,14849,1,1580711,10001,0,0,0.12538650191239986,0.028495812562728297,0.08406139315230224,-0.1,0.02993780317233581
cvdwfpp,1,6,313,95120,55255,1,1525456,5229,0,0,0.13442974809284614,0.005721841567496098,0.08251352047386042,0.024999999999999994,0.013419773498589027
cvcl6sw,2,0,49,1892,1892,0,1618684,5424,0,0,0.2170723735038569,0.02035896478785621,0.02115270350564468,0.225,-0.009723889555822332
cvcq6qs,-2,1,23,9287,7395,2,1611289,23034,0,0,-0.10461616285127077,0.06310898980052958,0.20745920745920746,-0.2,0.025376416849940783
cvcqb8a,0,2,1,9461,174,-2,1611115,5424,0,0,-0.5427781013395456,,,-0.525,-0.11176470588235295
cvcqk21,1,2,13,9801,514,-2,1610775,5046,0,0,-0.026903331358776695,0.23082984785112412,0.17979797979797982,-0.175,-0.09283000949667616
cvcr1c6,0,3,38,10493,692,1,1610083,23034,0,0,0.2695257135789354,0.32098921044670814,0.19362859362859364,-0.2,0.05283637108335039
cvcsu0i,1,4,65,13099,2606,0,1607477,11223,0,0,-0.047233237912650626,-0.05338892126917268,0.07705627705627706,0.13749999999999998,-0.027775672603258805
cvcu6if,1,5,13,15077,1978,1,1605499,23034,0,0,-0.04506121070053729,-0.22759234983697996,0.0,-0.325,-0.028135288835677938
cvcvmb0,1,6,20,17211,2134,1,1603365,3509,0,0,0.09203728840626002,-0.0273613797549967,0.0,0.0,0.04314516129032257
cvcvpt1,0,7,9,17359,148,1,1603217,23034,0,0,0.5913947425870995,0.10999630264528924,0.2696969696969697,-0.575,0.11716385646346734
cvd1rpu,1,8,46,26363,9004,0,1594213,3509,0,0,0.17297788246566592,-0.014893617021276642,0.019977553310886645,0.12499999999999999,0.0018408134642356189
cvd1tl5,1,9,22,26444,81,1,1594132,23034,0,0,0.3624718502978704,-0.16007461934052644,0.0,0.04999999999999999,-0.05960382030420941
cvd22mq,1,10,128,26836,392,1,1593740,3509,0,0,0.17297788246566603,0.027539836050474373,0.06650062266500623,0.25,0.06502016129032258
cvd2ba1,1,11,79,27216,380,1,1593360,23034,0,0,0.13147913077275328,0.051791362562139176,0.1254404510218464,0.04999999999999999,0.04684036841846033
cvd5nk3,1,12,5,32900,5684,1,1587676,3509,0,0,-0.3126656818907699,-0.29110251450676966,0.0,-0.625,-0.10685483870967742
cvdkcd9,1,4,20,66860,56367,0,1553716,158242,0,0,-0.017040125065138075,-0.03781431334622836,0.05137085137085137,0.25,0.01315789473684209
cvdmwsq,1,5,17,77243,10383,1,1543333,23034,0,0,0.3797853463533583,0.1803272719124291,0.19037433155080213,-0.2,0.012588693064774545
cvcm85o,3,0,24,3493,3493,0,1617083,31039,0,0,0.3295354743656841,0.40782200147660935,0.3146464646464647,-0.16250000000000003,0.04284335022930243
cvcqbcz,-1,1,20,9467,5974,3,1611109,23034,0,0,-0.02015641252841236,0.35113105441833875,0.10787878787878788,-0.45,-0.00505836575875486
cvcmjcf,1,1,48,3968,475,3,1616608,5662,0,0,0.2528106341168467,0.2108772952491986,0.22016079158936303,0.3500000000000001,0.04071246819338423
cvcmlio,3,2,15,4060,92,1,1616516,31039,0,0,-0.03469719890164256,-0.14286948788509354,0.0,-0.41250000000000003,-0.057156649770697565
cvcqbtq,0,3,13,9486,5426,3,1611090,23034,0,0,0.0794627801600873,0.2154927565459987,0.19614325068870525,-0.07500000000000001,-0.028135288835677938
cvcrl5i,2,4,9,11288,1802,0,1609288,31039,0,0,-0.32248597777953014,-0.19561771483544774,0.0,-0.6625,-0.12382331643736423
cvcrmvw,0,5,25,11358,70,2,1609218,23034,0,0,0.23885348846168677,-0.10943632146818587,0.08989898989898991,-0.07500000000000001,0.05494163424124514
cvcs6bo,2,6,26,12135,777,0,1608441,31039,0,0,0.12718398921716934,-0.07505033894892273,0.03995510662177329,-0.28750000000000003,-0.00843870105274884
cvcsfep,-1,7,25,12508,373,2,1608068,23034,0,0,0.17410101321416194,-0.13113844912776074,0.03995510662177329,-0.07500000000000001,-0.025058365758754864
cvcsmy7,1,8,29,12814,306,-1,1607762,31039,0,0,-0.012368759161116597,0.005784606247724549,0.10113636363636364,0.08749999999999998,-0.05485779919598492
cvcu6ut,0,9,22,15091,2277,1,1605485,23034,0,0,-0.005439940881247628,-0.15374483210648401,0.04690382081686429,-0.575,0.03130527060488149
cvcv9yf,2,10,61,16703,1612,0,1603873,31039,0,0,0.007763440604931055,0.05788868931401792,0.1307621671258035,0.08749999999999998,-0.025462660699659315
cvcvnjq,0,11,157,17263,560,2,1603313,23034,0,0,0.06439299782663592,-0.027504693450017166,0.08532785481938025,0.04999999999999999,0.009591315769907557
cvcw23s,2,12,183,17875,612,0,1602701,31039,0,0,0.16699083875458212,0.04523267991900166,0.09714203647852938,0.08749999999999998,0.01278870542055928
cvcwamc,0,13,339,18224,349,2,1602352,23034,0,0,0.16798868516719795,0.031769167115781656,0.08472156116135174,0.04999999999999999,0.027684997073103554
cvcx6fu,2,14,169,19516,1292,0,1601060,31039,0,0,0.01702815114815535,0.03304718778182571,0.055040197897340756,0.08749999999999998,-0.035065919987660094
cvcxpjp,0,15,127,20285,769,2,1600291,23034,0,0,0.09711184973088441,-0.01918302866170165,0.05172270651722707,0.04999999999999999,-0.010570176782376914
cvcyaev,2,16,118,21134,849,0,1599442,31039,0,0,0.0723090101938433,-0.03176152047902692,0.03082251082251082,0.08749999999999998,-0.005179248640754058
cvczpzt,0,17,259,23250,2116,2,1597326,23034,0,0,0.10109822258760892,0.041796574871093395,0.0984029484029484,0.04999999999999999,0.022354761654372543
cvd0chz,2,18,218,24178,928,0,1596398,31039,0,0,0.045500820900337656,-0.0743755215465727,0.0404040404040404,0.08749999999999998,-0.027493041208006427
cvd0n6k,0,19,144,24627,449,2,1595949,23034,0,0,0.1304830264154821,-0.10973595636683889,0.05137085137085137,0.04999999999999999,-0.02866947686986597
cvd12ek,2,20,117,25268,641,0,1595308,31039,0,0,0.05108599480234329,-0.013804677261884911,0.11558441558441558,-0.03750000000000002,-0.012712205326253126
cvd16ct,0,21,165,25438,170,2,1595138,23034,0,0,0.08776437955079558,0.05996705646557129,0.1062019155283404,0.04999999999999999,0.028274967574578466
cvd1g7f,2,22,176,25866,428,0,1594710,31039,0,0,0.1271839892171693,0.02134669035657699,0.0920292977165015,0.08749999999999998,0.02958577447172668
cvd1ygo,1,23,204,26653,787,2,1593923,23034,0,0,0.10204801379657306,0.01369248580646749,0.08540404040404041,0.04999999999999999,0.027294575417715725
cvd2799,1,24,164,27035,382,1,1593541,31039,0,0,0.06795916429565281,0.021968721334765205,0.05648104077423449,0.08749999999999998,-0.01406721887638862
cvd29dq,1,25,143,27132,97,1,1593444,23034,0,0,0.09078314296559863,0.03037633743720677,0.08193325661680091,0.04999999999999999,0.006829746129357023
cvd2o27,1,26,112,27785,653,1,1592791,31039,0,0,-0.017352785888912647,0.08841119951261571,0.13380314775663613,0.08749999999999998,0.01903382641977862
cvdddfi,1,27,116,46397,18612,1,1574179,23034,0,0,0.0021720272121133733,0.07163395577230394,0.15646541753411983,0.04999999999999999,0.007010599758486516
cvdfinu,1,28,179,50686,4289,1,1569890,31039,0,0,0.12266216831999581,0.15190001566100667,0.16474100612031647,0.08749999999999998,0.021428080210680475
cvdmzqs,1,29,209,77506,26820,1,1543070,23034,0,0,0.03716037178159758,0.0387519441668882,0.07504611330698287,0.04999999999999999,0.04805168208813508
cvdq90d,1,30,203,85127,7621,1,1535449,31039,0,0,-0.052240972983484145,0.012670155686465486,0.06481987254519443,0.08749999999999998,-0.020375040575295267
cvdqn46,1,31,333,85839,712,1,1534737,23034,0,0,0.022623000548030396,0.0832035524482837,0.0915682019130295,0.04999999999999999,-0.0029562636566527606
cvdrqsv,1,32,220,87759,1920,1,1532817,31039,0,1,0.038885159334181074,0.0786730653063964,0.09098211025921868,0.08749999999999998,-0.005641498255546051
cvds1uj,1,33,364,88271,512,1,1532305,23034,0,0,0.05277906783281054,0.047104185896789476,0.07538517707192406,0.04999999999999999,0.004831744131355023
cvdsamn,1,34,202,88669,398,1,1531907,31039,0,0,0.11115614880936621,0.14633630815305798,0.10741178013905288,0.08749999999999998,-6.09401997404696e-05
cvdslp0,1,35,311,89160,491,1,1531416,23034,0,0,0.09748072095985612,0.053258713992807016,0.07575757575757576,0.04999999999999999,0.04285160208690429
cvdvr5e,1,36,372,94064,4904,1,1526512,31039,0,0,0.09237083048194093,0.058499609456561026,0.07991021324354658,0.08749999999999998,0.0025207695841411443
cvdwltu,1,37,540,95379,1315,1,1525197,23034,0,0,0.1597115742702676,0.04386928469137128,0.10473668726095911,0.04999999999999999,0.03012681942643032
cvdywls,1,38,283,98885,3506,1,1521691,31039,0,0,0.07284224762251512,0.1044470492533962,0.12310492310492313,0.08749999999999998,0.003385164128006782
cve3jfb,1,39,172,105972,7087,1,1514604,23034,0,0,-0.008862376148030145,0.004499848744580019,0.05845648604269294,0.04999999999999999,-0.012035109944801378
cve4s07,1,40,148,107901,1929,1,1512675,31039,0,0,-0.02594686440873377,0.16050567374650443,0.14983164983164984,0.08749999999999998,-0.00895845157249936
cve512p,1,41,269,108299,398,1,1512277,23034,0,1,0.08455483926591209,0.12638410130947675,0.14010232192050376,0.04999999999999999,0.013900742047936579
cve5m9a,1,42,327,109237,938,1,1511339,31039,0,0,0.09995626644489206,0.15324316148826733,0.12447552447552446,0.08749999999999998,0.02602377836385901
cve6fsx,1,43,514,110555,1318,1,1510021,23034,0,0,0.05039103132103095,0.07954371801415672,0.12254733218588641,0.04999999999999999,0.04863813229571985
cve79o3,1,44,446,112672,2117,1,1507904,31039,0,1,-0.007112063706508629,0.12504972424888652,0.13056758056758058,0.08749999999999998,0.015190136477433988
cve839a,1,45,347,114121,1449,1,1506455,23034,0,0,-0.009893051898401242,0.07877796424609977,0.10760288305045339,0.04999999999999999,0.007333565076980006
cve8kas,1,46,231,114979,858,1,1505597,31039,0,0,-0.04450817999975231,0.08984327807235379,0.11146147825114615,0.08749999999999998,-0.015598208212256007
cveb6d8,1,47,314,119928,4949,1,1500648,23034,0,0,-0.028405135489880527,0.05373152723157771,0.10216932556765426,0.04999999999999999,0.015960742521499913
cvegfh0,1,48,327,130913,10985,1,1489663,31039,0,0,-0.03370709989174153,0.07045256240504245,0.09270833333333334,0.08749999999999998,-0.01067346934256301
cvepdjy,1,49,280,162812,31899,1,1457764,23034,0,0,-0.002811999515682557,0.04309611236679063,0.08907422852376981,0.04999999999999999,-0.00505836575875486
cveuwle,1,50,264,177776,14964,1,1442800,31039,0,0,-0.08743122230398273,0.06795806497290745,0.08481036782923576,0.08749999999999998,-0.017762710376758167
cvf6m0v,1,51,278,199611,21835,1,1420965,23034,0,0,-0.10866699020488499,0.03966533337814973,0.0667980110704569,0.04999999999999999,0.013646670212468154
cvf71vu,1,52,262,200493,882,1,1420083,31039,0,0,-0.045818807245683,-0.04234928180988897,0.04083739604244335,0.08749999999999998,-0.005502705750341327
cvcngcy,2,0,79,5353,5353,0,1615223,23622,0,0,0.22751448298051055,0.12338744465167056,0.17768270944741535,0.12499999999999999,0.013149442660117139
cvcsyms,1,1,26,13282,7929,2,1607294,11223,0,0,0.20181474380859857,0.4095153455757591,0.21575757575757576,-0.2375,0.01837817355058735
cvcwssc,2,0,26,18962,18962,0,1601614,33224,0,0,0.19652243002077976,0.05465043992540036,0.07705627705627704,-0.024999999999999994,0.07296612852168409
cvcqn56,2,0,187,9920,9920,0,1610656,8126,0,0,0.026680261271627266,-0.022966329270811832,0.06314855875831485,0.4125,-0.004419777661566482
cvclifq,2,0,63,2388,2388,0,1618188,120217,0,0,0.2034800005097033,0.08940760847870345,0.12609208972845337,0.3125,-0.016302016302016303
cvcojn5,2,0,335,6966,6966,0,1613610,20209,0,0,0.12531110435364187,0.016533377410533262,0.062409216128224386,0.09999999999999999,0.022335132846406258
cvcqaag,-1,1,90,9424,2458,2,1611152,23034,0,0,0.21367197030987162,0.2023056998084096,0.13626794258373207,-0.07500000000000001,0.05049718979680069
cvcpu1p,1,1,2,8807,1841,2,1611769,5662,0,0,0.18536013906734164,-0.3208248324103762,,-0.5249999999999999,-0.12595419847328243
cvct2by,2,1,34,13426,6460,2,1607150,11223,0,0,-0.19373205068985602,-0.021012693014989245,0.05831285831285831,0.13749999999999998,-0.017820921472037093
cvd3jeg,1,0,29,29234,29234,0,1591342,18457,0,0,0.336968831450008,-0.013600458657153819,0.1307621671258035,0.22500000000000003,-0.02249789739276703
cvcmc8p,-2,0,17,3666,3666,0,1616910,17602,0,0,-0.16980872239643557,-0.11018358274797242,0.0,-0.03749999999999999,-0.054476963199072734
cvcmg9n,2,1,53,3839,173,-2,1616737,5662,0,0,-0.10480425473052847,-0.024116055814631287,0.0684944684944685,0.3500000000000001,-0.012746651303471107
cvct5tb,0,2,29,13567,9728,2,1607009,11223,0,0,0.055821099351314414,0.005853976059894305,0.07191919191919192,0.012499999999999983,-0.0665024630541872
cvct5ja,1,2,48,13555,9716,2,1607021,2833,0,0,0.008029820839226811,0.11265630898098826,0.06223776223776223,0.25,0.0291005291005291
cvd3r8h,2,3,55,29601,16046,1,1590975,18457,0,0,0.15326666813022763,0.09437826474710154,0.09142270159219312,0.47500000000000003,-0.018736141906873616
cvctc75,1,2,170,13831,9992,2,1606745,271633,0,0,0.09321950770928478,0.011792371423513276,0.12297063903281519,0.38749999999999996,0.08111455108359134
cvctqo8,2,3,99,14427,596,1,1606149,5662,0,0,0.03001960501393652,-0.05890260203620134,0.0469038208168643,0.3500000000000001,-0.004742077261161215
cvctvpb,1,4,77,14634,207,2,1605942,271633,0,0,0.06329189309908426,0.046646506102170866,0.08989898989898991,0.38749999999999996,0.06637047163362952
cvctxnq,1,5,20,14716,82,1,1605860,5662,0,0,0.10441954500793595,-0.04561669179983014,0.0,-0.024999999999999994,-0.025954198473282425
cvcyipw,1,6,17,21476,6760,1,1599100,271633,0,0,-0.1543634858841922,-0.26611945134463755,0.0,0.26249999999999996,-0.03065015479876161
cvcx4nl,2,6,13,19445,4729,1,1601131,2833,0,0,0.30636854894280635,0.07085582724674508,0.0,-1.3877787807814457e-17,0.016280016280016296
