comment_id,score,depth,length,time_since_submission,time_since_parent,parent_score,age,karma,submission_score,urls,alignment_content,alignment_syntax_3,alignment_syntax_4,alignment_features_binary,alignment_features_frequency
cvdq8eg,9,0,109,9973,9973,0,1534788,13255,0,0,0.11069580918629955,0.08234730673878748,0.10260869565217393,0.11249999999999998,-0.01133102178276954
cven9ai,1,1,88,77313,67340,9,1467448,2736,0,0,0.0937338278419872,-0.04945084485407069,0.023320158102766796,0.11249999999999998,-0.05487096024180424
cvepekv,1,2,49,87807,10494,1,1456954,13255,0,0,0.0944429629753085,0.17749183006535954,0.042909090909090904,0.11249999999999999,0.01937483854301214
cvdrrwv,2,1,201,12687,2714,9,1532074,526,0,0,0.09072366576230963,0.10880294489202448,0.08327106683271066,0.07499999999999998,-0.005406743034394257
cvdmsll,15,0,74,1745,1745,0,1543016,6652,0,0,0.2423257023933403,0.17940902182923443,0.11291866028708133,0.09999999999999999,0.059546643417611164
cvdndmp,-6,1,341,3539,1794,15,1541222,2736,0,0,0.2332546867957287,0.03183638996138993,0.0726779995072678,0.11249999999999998,0.006712617470805732
cvdwkoj,7,2,47,20203,16664,-6,1524558,30743,0,0,0.05558911681212506,0.09446747448979587,0.07801652892561983,0.08750000000000001,-0.00012589701624071692
cve4e9m,-1,3,51,32180,11977,7,1512581,23622,0,0,-0.009135772749157441,0.047203111184792215,0.07527910685805424,0.12499999999999999,-0.03500146327187592
cve6pnc,1,4,56,36558,4378,-1,1508203,51201,0,0,-0.13627386438446348,0.0049544868119266,0.03405483405483405,0.275,-0.015306122448979595
cve6vbh,3,5,33,36842,284,1,1507919,23622,0,0,-0.2620683240688055,-0.19781650641025625,0.0,-0.25,-0.022523744911804616
cve76us,1,6,89,37414,572,3,1507347,51201,0,0,0.099525856011125,-0.0640730625301787,0.02847948511665326,0.275,-0.021325384086218757
cve7uy0,2,7,94,38591,1177,1,1506170,23622,0,0,0.10925818744301823,0.10619622975708495,0.10442477876106196,0.12499999999999999,-0.007049857097491272
cvdqs81,15,2,374,10970,7431,-6,1533791,7683,0,0,0.24849939975990387,0.17576743071933987,0.10397592950784441,0.012499999999999997,0.04174397031539888
cvenl6t,0,3,230,78984,68014,15,1465777,2736,0,0,0.13662239089184056,0.04546546234772974,0.08348072161301733,0.11249999999999998,-0.015345268542199503
cvext15,1,4,430,108155,29171,0,1436606,7683,0,0,0.12659352222100068,0.1457820320521048,0.07063224841002619,0.012499999999999997,0.06584545023083228
cvfpagf,1,5,306,175523,67368,1,1369238,2736,0,0,0.24549335863377622,0.05187313988095234,0.0864586160108548,0.11249999999999998,0.020886615515771506
cvfy90o,1,6,429,196097,20574,1,1348664,7683,0,0,0.12432210646496365,0.09870461856617643,0.0677511961722488,0.012499999999999997,0.024261452832881406
cvdwjid,3,0,51,20153,20153,0,1524608,30743,0,0,0.6628804890919913,0.6151244172237862,0.6586921850079746,0.2125,0.05035386935839424
cvdx6dv,-1,1,29,21128,975,3,1523633,2736,0,0,0.15914741870051693,-0.10483066502463072,0.0,-0.1375,-0.07681453390951584
cvdx7kp,3,2,17,21179,51,-1,1523582,30743,0,0,0.630148041274154,0.1752896471088435,0.06310160427807486,0.2125,0.011138183083884437
cvfpffp,1,3,140,176105,154926,3,1368656,2736,0,0,0.3766569531038221,0.05724244505494507,0.062287390029325505,0.11249999999999998,0.004219948849104843
cvdp4yp,1,0,38,7812,7812,0,1536949,56851,0,1,0.14242902388330142,0.13262121265834745,0.053636363636363635,0.11249999999999998,0.034576351191881044
cvdqs48,0,1,15,10965,3153,1,1533796,4865,0,0,0.4037090244220974,0.39729883603238836,0.24755244755244754,-0.175,0.011875843454790827
cvdyptm,-1,2,36,23473,12508,0,1521288,297,0,0,0.15112374405076662,0.16098317955629288,0.0946524064171123,0.024999999999999994,0.0111111111111111
cvdsjgi,2,2,41,13938,2973,0,1530823,62381,0,1,-0.10572172902955672,-0.024140038414527703,0.023838383838383836,0.3875,0.021877944101329413
cvdstdh,1,3,31,14371,433,2,1530390,4865,0,0,0.10573816073843449,0.08870508603238868,0.06920821114369502,0.2,-0.02468329633015541
cvdsvl5,1,4,18,14467,96,1,1530294,62381,0,0,-0.16000969126401782,-0.2198721356012283,0.0,0.2625,-0.013352408202193619
cvdv4sw,1,5,54,17973,3506,1,1526788,4865,0,0,0.4098918201210221,0.17687472888953157,0.1365289256198347,0.2,-0.0103463787674314
cvdy1ja,1,6,68,22452,4479,1,1522309,7683,0,0,0.09450811116235336,0.19672851562499968,0.0932806324110672,-0.1125,0.037733275128233115
cvdv9wb,1,6,45,18197,224,1,1526564,62381,0,0,-0.08581614287692094,0.003767570281124569,0.043784786641929495,0.2625,-0.1022412970910825
cvdwu66,0,7,59,20607,2410,1,1524154,2736,0,0,0.2030521339208182,-0.02821428571428568,0.0,-0.012500000000000025,-0.02713598335428498
cvdxc0b,1,8,18,21371,764,0,1523390,62381,0,0,-0.25275162674788865,0.016111320281124462,0.11291866028708133,0.1375,-0.06890796375774917
cvendt8,1,1,50,77945,70133,1,1466816,2736,0,0,0.07855787476280833,-0.15639938186813204,0.0,0.11249999999999998,-0.005780051150895138
cvedhnk,1,0,28,49487,49487,0,1495274,4094,0,0,0.48206216715379535,0.289783706934629,0.03460410557184751,0.36249999999999993,0.017648693718732622
cvdn9my,1,0,10,3211,3211,0,1541550,19673,0,0,0.429704301075269,0.31192899074721975,0.1340909090909091,-0.475,-0.008796296296296288
cvdq39m,1,0,24,9706,9706,0,1535055,8151,0,0,0.1309895220155404,-0.011355181277056297,0.0,-1.3877787807814457e-17,-0.05565693430656935
cvdqv4g,1,1,51,11115,1409,1,1533646,4865,0,0,0.29896519140501965,0.15275284546635093,0.061888111888111885,0.2,0.03540525521949671
cvdw35y,1,0,23,19449,19449,0,1525312,33149,0,0,-0.07903225806451611,0.15629037467700246,0.18656126482213437,-0.07500000000000002,0.05120772946859903
cvdwym5,-1,1,70,20795,1346,1,1523966,2736,0,0,0.1739495798319328,0.08699404761904765,0.11597051597051596,-0.012500000000000025,-0.017208622579466593
cve6fnf,1,2,42,35421,14626,-1,1509340,7683,0,0,0.10736728709078949,-0.04500325520833333,0.0,-0.1125,-0.07081014223871367
cvfpijr,0,3,108,176455,141034,1,1368306,2736,0,0,0.16820841239721687,-0.028214285714285726,0.03460410557184751,0.11249999999999998,-0.06244671781756182
cvfww4b,1,4,122,193928,17473,0,1350833,7683,0,0,0.2800366985888628,0.11264789968297095,0.06264100862641007,0.012499999999999997,0.04472459624684448
cvdyt08,3,2,66,23606,2811,-1,1521155,33149,0,0,0.14640762463343115,0.21424225261127497,0.1225974025974026,0.049999999999999975,-0.0014931927975406212
cvfpgzl,1,3,45,176286,152680,3,1368475,2736,0,0,0.1898481973434535,0.2539285714285719,0.15643939393939393,-0.012500000000000025,-0.01244671781756182
cvgfvdn,1,4,78,225142,48856,1,1319619,33149,0,0,0.09776674937965259,0.09156659190546718,0.09752066115702478,0.17499999999999996,0.031140839836492018
cve6vi4,1,0,57,36851,36851,0,1507910,33822,0,0,0.16630790686393399,-0.07970287473963952,0.017302052785923755,-0.06250000000000001,-0.023988542785535277
cve8zyv,1,1,17,40650,3799,1,1504111,1734,0,0,-0.08435677138238812,-0.02004987641242939,0.0,0.02500000000000001,0.056100217864923765
cvdv2vv,0,0,84,17886,17886,0,1526875,11223,0,0,0.19667686318131247,0.19027969166173428,0.1282608695652174,0.012499999999999983,-0.004515599343185545
cvdw8e9,1,1,78,19678,1792,0,1525083,4865,0,0,0.3052598929084497,0.09242308302034041,0.09157427937915741,0.325,0.006747638326585689
cve6tjm,2,2,11,36755,17077,1,1508006,51201,0,0,-0.46147285893829654,-0.0020590075062551522,0.0,-0.1,0.24118738404452691
cvdz0rk,4,1,31,23937,6051,0,1520824,822,0,0,0.01807174729713058,0.0034018208661417367,0.06920821114369502,0.012499999999999983,-0.021815199562602527
cvdo4r2,0,0,29,5537,5537,0,1539224,2065,0,0,0.39562915465429116,-0.11625853543677893,0.03575757575757575,0.1375,-0.03167145047772578
cvdnarw,-2,0,56,3304,3304,0,1541457,-65,0,0,0.2721644585253456,0.07054702801040047,0.048760330578512395,0.08750000000000001,-0.0805357142857143
cvdonxe,0,1,35,6777,3473,-2,1537984,6423,0,0,0.17453641654579846,-0.07546594123551412,0.028229665071770334,0.21250000000000002,-0.08497438816163916
cvdro71,-1,2,4,12515,5738,0,1532250,-65,0,0,-0.08555443548387096,-0.1689585690045248,0.0,-0.5374999999999999,0.13374999999999998
cvds7qf,3,3,6,13416,901,-1,1531349,6423,0,0,-0.5885972240071968,-0.20206850533807816,0.0,-0.6625,-0.11354581673306773
cvdss3c,0,4,30,14315,899,3,1530450,-65,0,0,0.1648487903225806,0.21678361849547526,0.13841642228739004,0.2125,0.05041666666666665
cvdt25d,5,5,21,14755,440,0,1530010,6423,0,0,-0.11163869866157487,0.11994236422713905,0.14628099173553719,-0.16249999999999998,0.07693037374312274
cvdt4tk,-1,6,11,14868,113,5,1529897,-65,0,1,0.407664039589443,0.2013539309954755,0.11919191919191918,-0.1625,0.06556818181818182
cve6z0l,1,7,16,37028,22160,-1,1507737,51201,0,0,-0.09155900263331132,0.10267584097859339,0.07662337662337662,-0.22499999999999998,0.002551020408163268
cvfppy4,2,4,56,177247,163831,3,1367518,2736,0,0,-0.17184535104364312,0.008209894613583136,0.03575757575757575,-0.012500000000000025,-0.002922908293752302
cvftmet,1,5,69,187788,10541,2,1356977,6423,0,0,0.11301567921860947,0.10652524466192173,0.042909090909090904,0.3375,0.0023962122524395224
cvfwgi8,1,6,49,193159,5371,1,1351606,2736,0,0,0.05811679510513876,-0.0007837301587301828,0.04048027444253859,0.11249999999999998,-0.002922908293752302
cvfxikm,1,7,15,194949,1790,1,1349816,6423,0,0,-0.14343593368461635,0.160982965250157,0.2011363636363636,0.08750000000000002,-0.04687915006640106
cvdsknz,5,3,11,13991,1476,-1,1530774,62381,0,0,-0.41294224258366563,-0.0867532630522088,0.0,-0.3625,-0.12446351931330472
cvdsqyt,-3,4,8,14265,274,5,1530500,-65,0,0,0.12311491935483855,0.36005928813833216,0.1787878787878788,-0.4125,0.13374999999999998
cvdsttv,4,5,11,14392,127,-3,1530373,62381,0,0,-0.10942318100008808,-0.06805061153705738,0.0,-0.2375,0.0573546625048771
cvdt7yl,-2,6,32,15002,610,4,1529763,-65,0,1,0.12311491935483866,0.11318428813833226,0.0946524064171123,0.08750000000000001,0.07125
cvdvahs,4,7,7,18225,3223,-2,1526540,62381,0,0,-0.7164613041672434,0.060196141709696005,0.0,0.1375,0.018393623543838125
cvdvvyz,-1,8,49,19146,921,4,1525619,-65,0,0,0.11033924456879528,-0.008946994930450827,0.0,0.08750000000000001,-0.05502551020408164
cvdnxln,1,1,12,5047,1743,-2,1539718,2065,0,0,0.19415529481001964,0.24572826808228285,0.32181818181818184,-0.11250000000000002,0.031546940326871914
cvdrpdo,-1,2,8,12569,7522,1,1532196,-65,0,0,-0.29422379032258084,-0.1689585690045248,0.0,-0.5375,0.008749999999999994
cve0m67,2,3,39,26347,13778,-1,1518418,2065,0,0,0.044341399028381794,0.10545838171864631,0.12473572938689217,0.012499999999999997,0.044367453147384744
cve0zj8,0,4,16,26908,561,2,1517857,-65,0,1,0.12311491935483863,0.13963518099547514,0.0715151515151515,-0.2875,-0.053750000000000006
cve2dmz,2,5,7,29048,2140,0,1515717,2065,0,0,0.07491566347361397,-0.10962211070559602,0.0,-0.36250000000000004,0.007737416517348106
cve7rd7,1,1,54,38413,35109,-2,1506352,4898,0,0,0.06949257975650937,0.13099489795918362,0.07801652892561983,0.13749999999999998,-0.010713192531374358
cve4a3n,1,1,24,31999,28695,-2,1512766,2008,0,0,0.17645373514431237,-0.021513936955343368,0.0,0.08749999999999997,-0.05219298245614036
cve582j,1,2,17,33481,1482,1,1511284,-65,0,0,0.28268560246679314,-0.014661694004524868,0.0715151515151515,-0.16249999999999998,-0.0574264705882353
cvh8vxb,1,3,24,290720,257239,1,1254045,2008,0,0,0.17645373514431242,0.1606627871825877,0.0446969696969697,-0.03750000000000003,-0.09385964912280703
cvdmgtq,-1,0,103,673,673,0,1544092,14676,0,0,0.23445871881903835,0.07801350662589193,0.029797979797979796,0.38750000000000007,0.0024927840461820977
cvdn9av,1,1,54,3183,2510,-1,1541582,19673,0,0,0.10819892473118278,-0.03830042393531944,0.019504132231404958,0.024999999999999994,-0.016203703703703706
cvdnasx,2,2,6,3306,123,1,1541459,14676,0,0,-0.1842306015693113,0.2743055555555554,0.0,-0.23750000000000002,0.07207207207207206
cvdnk3u,0,3,17,4054,748,2,1540711,2736,0,0,0.09819734345351036,0.08796218487394959,0.0,-0.012500000000000025,-0.02813299232736574
cvdnqq1,3,4,3,4554,500,0,1540211,14676,0,0,-0.4624564080209243,-0.13715277777777776,0.0,-0.48749999999999993,0.23873873873873871
cve70w4,2,5,32,37118,32564,3,1507647,51201,0,0,0.012775674786043467,-0.02076165902140674,0.03064935064935065,-0.09999999999999999,-0.028698979591836732
cvdpl9j,-2,0,12,8735,8735,0,1536030,686,0,0,0.6980598148416027,0.036034549689440976,0.165034965034965,-0.15,0.11995515695067266
