comment_id,score,depth,length,time_since_submission,time_since_parent,parent_score,age,karma,submission_score,urls,alignment_content,alignment_syntax_3,alignment_syntax_4,alignment_features_binary,alignment_features_frequency
cvds0pb,19,0,110,1755,1755,2,1531366,56544,2,0,0.140631999579368,0.03582451499118165,0.0165,0.16249999999999998,-0.009979494190020505
cvdssou,-6,1,42,3002,1247,19,1530119,342,2,1,0.004258241758241759,-0.025318042238516022,0.0,0.14999999999999997,-0.04166666666666667
cvdw8h6,5,2,73,8342,5340,-6,1524782,4020,2,0,-0.05599879572482315,0.03870673952641167,0.0,0.4000000000000001,-0.016891543928313935
cvdtwjy,7,2,10,4723,1721,-6,1528401,10886,2,0,0.13115384615384615,-0.12058570198105084,0.0,-0.26249999999999996,-0.029166666666666674
cvdvvin,-2,3,35,7787,3064,7,1525337,40415,2,0,-0.21528057741075496,0.0186923924678258,0.057291666666666664,-0.06250000000000001,-0.02333051563820794
cvdydiv,0,4,55,11615,3828,-2,1521509,10886,2,0,-0.12898601398601395,-0.045256135126060235,0.0355603448275862,0.11249999999999999,-0.03825757575757577
cvdyzlx,1,5,76,12548,933,0,1520576,40415,2,0,0.10744932426651521,0.03847688284055143,0.024553571428571428,0.062499999999999986,0.009376251279085285
cvdzoee,2,6,104,13587,1039,1,1519537,10886,2,0,-0.04218934911242604,0.03535971712226303,0.027378318584070797,0.2375,-0.013782051282051289
cve0bqm,0,7,31,14572,985,2,1518552,40415,2,0,-0.0042915664217439455,-0.03044765667222336,0.0322265625,-0.1875,0.0522455212281515
cve13wx,1,8,8,15755,1183,0,1517369,10886,2,0,-0.26230769230769235,0.5143349329395839,0.515625,-0.1375,-0.00416666666666668
cvdxlgo,4,4,38,10430,2643,-2,1522694,8284,2,0,-0.07847298899930481,-0.031716664464120525,0.02291666666666667,0.225,-0.019315966684387745
cvdxph9,0,5,38,10603,173,4,1522521,40415,2,0,-0.043157963182877554,-0.055700181924748626,0.0,-0.06250000000000001,0.07516572496329581
cvdykkk,7,6,13,11910,1307,0,1521214,14452,2,0,-0.17941721558557552,-0.04378927664126221,0.0,-0.1375,-0.036284470246734396
cvdyuvz,2,7,6,12348,438,7,1520776,40415,2,0,0.05724689511671752,-0.13145775768232434,0.0,-0.4375,-0.10904480135249366
cve1ayb,6,8,183,16054,3706,2,1517070,14452,2,0,-0.08679911489685689,-0.06693742478941037,0.009963768115942028,0.23750000000000004,-0.003917929683472529
cve60u9,-2,9,7,23421,7367,6,1509703,28884,2,0,-0.41234935277488466,-0.16453735965931093,0.0,-0.9375,-0.11992263056092843
cvdxi62,2,1,8,10292,8537,19,1522832,6312,2,0,-0.07835164835164839,-0.09595087315294565,0.0,-0.04999999999999999,0.03166666666666666
cveeeia,2,2,18,40073,29781,2,1493051,17005,2,0,-0.23902130733116655,-0.058063271604938266,0.0,-0.14999999999999997,0.01604068857589984
cvdzpxj,4,1,17,13652,11897,19,1519472,88725,2,0,-0.0019273945632274977,-0.07751937984496124,0.0,0.475,0.03367759317467445
cvdzuww,3,2,49,13865,213,4,1519259,56544,2,0,0.045335867140378426,-0.05452189610994641,0.0,0.16249999999999998,0.0397422126745435
cver660,3,1,52,82739,80984,19,1450385,71598,2,0,-0.011792054099746442,-0.015710382513661195,0.0,0.11250000000000002,-0.0412087912087912
cvermk3,0,2,10,83998,1259,3,1449126,56544,2,0,0.03657605552342395,0.10556958473625144,0.0,-0.33749999999999997,-0.08270676691729323
cvervxr,2,3,173,84668,670,0,1448456,71598,2,0,0.16538412676696354,0.036920714684533805,0.026041666666666668,0.2375,0.014816108746744577
cvdxdr5,3,1,58,10104,8349,19,1523020,12451,2,0,0.002574097566601322,-0.07602536680550868,0.0,0.2875,-0.014092953523238375
cvdy8tv,-1,2,37,11420,1316,3,1521704,56544,2,0,0.11004798899535741,0.011950466726889486,0.0,0.03749999999999999,0.025401341190814886
cvdzbak,2,3,309,13046,1626,-1,1520078,12451,2,0,0.04624281585868754,0.004943047496238975,0.026442307692307692,0.2875,0.020557197129590532
cvdzqzr,2,4,101,13697,651,2,1519427,56544,2,0,-0.05266994599980531,-0.0038580246913580197,0.0,0.16249999999999998,-0.023300826323233825
cve0fdv,0,5,57,14723,1026,2,1518401,9953,2,0,-0.04596698847710993,-0.013327721661054987,0.0,0.28750000000000003,0.0214183100430978
cve19ks,-1,6,16,15996,1273,0,1517128,56544,2,0,0.32272990167727006,0.05169753086419753,0.0,-0.08750000000000001,0.10479323308270677
cve1tfw,0,7,43,16839,843,-1,1516285,9953,2,0,-0.0564744736479978,-0.04402687000726216,0.0,0.28750000000000003,0.02631427087541116
cve06ak,4,5,96,14345,648,2,1518779,12451,2,0,0.015422240802675567,0.018036949479029837,0.019275700934579438,0.16249999999999998,0.0006340579710144845
cve1anr,0,6,20,16041,1696,4,1517083,56544,2,0,0.1081145170618855,0.07898797920727745,0.057291666666666664,0.03749999999999999,0.017293233082706777
cve1rgz,2,7,12,16756,715,0,1516368,12451,2,0,0.06013377926421402,-0.06110201854882704,0.0,-0.21249999999999997,-0.051449275362318844
cvdu4zb,6,0,47,5085,5085,2,1528039,665,2,1,0.12176759410801967,-0.1093000122853531,0.019831730769230768,0.037500000000000006,-0.002127659574468088
cvdw778,2,1,10,8286,3201,6,1524838,342,2,1,0.3789835164835166,0.32036097010716297,0.11458333333333333,0.024999999999999994,-0.01309523809523809
cvdrhnz,8,0,21,871,871,2,1532253,14676,2,0,0.24582714582714582,-0.009406231628453852,0.0,0.2625,-0.04697554697554698
cvds1zd,-5,1,72,1813,942,8,1531311,342,2,0,0.27962454212454224,0.044692896970735425,0.07932692307692307,0.27499999999999997,0.039682539682539694
cvds3pf,12,2,26,1892,79,-5,1531232,14676,2,0,0.23796577642731492,0.012978790756568532,0.041249999999999995,0.2625,-0.017671517671517672
cvdsy6y,-6,3,28,3240,1348,12,1529884,342,2,1,-0.029807692307692302,-0.01297236322617031,0.0,0.024999999999999994,-0.005952380952380959
cve7zs1,2,4,43,27485,24245,-6,1505639,1981,2,0,0.01205285495906276,-0.13285100891368284,0.0,-0.07500000000000001,-0.11267364967619568
cvdt1fy,8,4,18,3386,146,-6,1529738,14676,2,0,0.18905058905058902,0.06995884773662554,0.0,0.13749999999999998,0.07207207207207206
cvdtdn8,-1,5,80,3907,521,8,1529217,342,2,0,0.2001373626373628,0.00511549207098729,0.02426470588235294,0.14999999999999997,-0.0255952380952381
cvdtmz1,3,6,29,4311,404,-1,1528813,14676,2,0,0.22468277295863498,-0.017187121762285183,0.0,0.38750000000000007,0.04333643988816402
cvdttpq,1,7,6,4599,288,3,1528525,342,2,1,0.140521978021978,-0.12408347433728148,0.0,-0.22500000000000003,0.05357142857142856
cvdufrq,5,8,7,5549,950,1,1527575,14676,2,0,0.04143154143154141,-0.11522633744855966,0.0,-0.48749999999999993,-0.0945945945945946
cvdw0me,-1,9,42,8001,2452,5,1525123,342,2,0,0.20865384615384616,0.06915324063856397,0.06875,0.27499999999999997,-0.017857142857142863
cvdw1vr,3,10,12,8054,53,-1,1525070,14676,2,0,0.1095634095634095,-0.11522633744855966,0.0,0.2625,-0.011261261261261271
cvdw4px,0,11,7,8179,125,3,1524945,342,2,0,-0.13200549450549456,-0.12408347433728148,0.0,-0.7250000000000001,-0.1130952380952381
cvdweac,1,12,26,8597,418,0,1524527,14676,2,1,-0.03718215256676796,0.018106995884773654,0.0,0.012499999999999983,0.02079002079002079
cvdvzvy,5,4,55,7971,4731,-6,1525153,18693,2,0,-0.022641802641802662,-0.05416981607457797,0.01663306451612903,0.35,0.0010101010101010166
cver7ty,1,0,70,82871,82871,2,1450253,71598,2,0,0.29794590025359263,-0.030149051490514937,0.0,0.1125,-0.03241758241758241
cvdsyiu,1,0,39,3256,3256,2,1529868,47433,2,0,0.09447557207938415,-0.0440790031363906,0.0,0.225,0.014068527342863624
cvdy67f,0,0,9,11310,11310,2,1521814,20727,2,0,0.351930951930952,0.1065404918243853,0.0,-0.2,-0.01911001911001911
