comment_id,score,depth,length,time_since_submission,time_since_parent,parent_score,age,karma,submission_score,urls,alignment_content,alignment_syntax_3,alignment_syntax_4,alignment_features_binary,alignment_features_frequency
cvgn4wg,9,0,118,4825,4825,3,1302628,12338,3,0,0.03851237537980447,-0.0566580675841862,0.0,0.45,0.03002973959718562
cvgpqh2,1,1,6,15464,10639,9,1291989,29563,3,0,-0.1736559139784946,0.13558531142219515,0.0,-0.3666666666666667,-0.13225806451612904
cvgr493,9,1,84,21983,17158,9,1285470,23034,3,0,0.04369788771539746,-0.017929135962491686,0.014204545454545454,0.033333333333333326,0.0497035390031499
cvgt3y6,2,2,38,28560,6577,9,1278893,10886,3,0,0.017013888888888887,-0.05488872218054515,0.0,0.2333333333333333,-0.05021929824561405
cvguxqa,3,3,30,32856,4296,2,1274597,47540,3,0,0.17309440046907065,0.12903699076177494,0.08064516129032258,0.04999999999999999,0.03737906772207564
cvh2a2m,3,3,19,44833,16273,2,1262620,23034,3,0,0.01095979247730223,-0.026102387140454732,0.0,-0.13333333333333333,0.000204792135981971
cvh2cut,1,4,1,44951,118,3,1262502,10886,3,0,-0.19131944444444446,,,-0.7666666666666666,-0.12916666666666668
cvgr36y,9,0,19,21859,21859,3,1285594,23034,3,0,0.09429312581063555,-0.09223141939851921,0.0,-0.13333333333333333,0.05283637108335039
cvgxku8,2,1,6,37647,15788,9,1269806,4898,3,0,-0.15048209366391185,-0.05398288347597103,0.0,-0.45,-0.10330578512396695
cvh29fw,1,2,18,44807,7160,2,1262646,23034,3,0,0.3767005332180431,-0.09223141939851923,0.0,-0.13333333333333333,-0.04950281020319931
cvh5fi5,1,3,6,49524,4717,1,1257929,4898,3,0,-0.15048209366391185,-0.05398288347597103,0.0,-0.45,-0.10330578512396695
cvh65a1,1,4,21,50575,1051,1,1256878,23034,3,0,-0.088246556729047,-0.0321141173457333,0.0,-0.3,0.18065591995553082
cvh6hjy,0,5,11,51075,500,1,1256378,4898,3,0,-0.00654269972451792,-0.05398288347597103,0.0,-0.2833333333333334,-0.10330578512396695
cvh839y,2,6,26,53316,2241,0,1254137,23034,3,0,0.06544697196448174,0.0057375172800948875,0.0,0.033333333333333326,0.08724932654893745
cvh8630,1,7,17,53425,109,2,1254028,4898,3,0,-0.15048209366391185,-0.05398288347597104,0.0,-0.1166666666666667,-0.04448225571220224
cvgysuf,3,1,50,39582,17723,9,1267871,28884,3,0,0.06241457124435847,-0.054869952354916825,0.0,0.016666666666666663,0.10007736943907157
cvgzb5h,5,2,107,40360,778,3,1267093,7683,3,0,0.07666426808616394,-0.0021402116764335346,0.0,0.016666666666666663,0.04556724983961298
cvh28x9,3,2,17,44785,5203,3,1262668,23034,3,0,0.04037155718318458,0.06336630356163257,0.0,0.033333333333333326,0.07141222247653926
cvh2jpb,1,3,80,45235,450,3,1262218,28884,3,0,0.19699790457769178,-0.07651358652471,0.014534883720930232,0.016666666666666663,0.01757736943907158
cvh2vxs,5,4,92,45745,510,1,1261708,23034,3,0,0.12237283595556313,-0.01592868986998325,0.024271844660194174,0.033333333333333326,0.014506851632549486
cvh33sx,0,5,273,46070,325,5,1261383,28884,3,0,0.08433764816743541,-0.029454929701488147,0.003993610223642172,0.016666666666666663,0.008282497644199763
cvh3b8g,1,6,112,46383,313,0,1261070,23034,3,1,-0.04112354085603114,-0.007586258108196653,0.010080645161290322,0.033333333333333326,0.02887020566981656
cvh3jsf,0,7,131,46740,357,1,1260713,28884,3,0,0.11873772646064344,-0.025772881252479632,0.016666666666666666,0.016666666666666663,0.04038271295052194
cvh3rak,1,8,53,47057,317,0,1260396,23034,3,0,0.11945035851503807,0.03372864204541317,0.020161290322580645,0.033333333333333326,-0.02958666764554732
cvh4a16,1,9,220,47826,769,1,1259627,28884,3,0,0.15021760154738878,-0.06529017857142856,0.014705882352941176,0.016666666666666663,0.0028046421663442955
cvh4fcx,1,10,59,48044,218,1,1259409,23034,3,0,-0.02435094198597463,-0.010841841234747514,0.01953125,0.033333333333333326,-0.020312603046890462
cvh4nin,1,11,121,48387,343,1,1259066,28884,3,0,0.01085809741515738,-0.037699774487694876,0.03571428571428571,0.016666666666666663,0.012308774397749259
cvh54bh,2,12,26,49067,680,1,1258386,23034,3,0,0.1263444078619176,-0.046625190255026455,0.0,-0.13333333333333333,-0.028135288835677938
cvh7qey,1,13,113,52833,3766,2,1254620,28884,3,0,0.05092489572813428,0.0028484342682971084,0.05952380952380952,0.016666666666666663,0.003971174748806081
cvh828o,1,14,25,53277,444,1,1254176,23034,3,0,0.20429312581063552,0.04458726803195908,0.08928571428571429,-0.13333333333333333,-0.06505836575875487
cvh86ca,1,15,62,53435,158,1,1254018,28884,3,0,0.12166188307231547,-0.10400227258380156,0.0,0.016666666666666663,-0.0876645660447994
cvh8iw5,1,16,61,53907,472,1,1253546,23034,3,0,-0.0054336501456486086,0.0009080626550927721,0.017857142857142856,0.033333333333333326,-0.03948459526695158
cvh3cz2,2,6,138,46453,383,0,1261000,56361,3,0,0.121256038647343,0.066305063399834,0.015625,0.6333333333333333,-0.028832951945080093
cvh3h5y,1,7,75,46630,177,2,1260823,28884,3,0,0.05185901568880292,-0.04781753223217521,0.014204545454545454,0.016666666666666663,-0.013255963894261757
cvh3yj5,3,8,117,47352,722,1,1260101,56361,3,0,-0.037606837606837605,0.0619662676519949,0.044326241134751775,0.6333333333333333,0.012415654520917668
cvh4etb,0,9,121,48022,670,3,1259431,28884,3,0,-0.02839810093195006,0.013034410844629819,0.05514705882352941,0.016666666666666663,-0.012484614032002808
cvh4tw9,1,10,29,48650,628,0,1258803,56361,3,0,-0.03620689655172415,0.08750451273121111,0.041666666666666664,0.6333333333333333,-0.046823956442831216
cvh7w5i,2,11,237,53048,4398,1,1254405,28884,3,0,0.06121203959878887,-0.06940826821612234,0.00909090909090909,0.016666666666666663,0.010879057202784662
cvihv8g,1,9,16,142701,95349,3,1164752,2625,3,0,-0.23211169284467714,-0.12616031591363658,0.0,-0.13333333333333333,-0.009380453752181495
cvihz3q,1,10,24,142846,145,1,1164607,56361,3,0,0.06388888888888887,-0.04048716260697827,0.0,0.3,0.13421052631578947
cvjojeu,1,11,42,227734,84888,1,1079719,2625,3,0,0.03177719604421177,0.008796892776290982,0.052083333333333336,0.20000000000000004,0.008476689104961355
cvjom11,1,12,67,227837,103,1,1079616,56361,3,0,-0.08184079601990048,0.08132947576314059,0.016666666666666666,0.6333333333333333,0.03346425765907304
cvh3iwg,2,7,11,46702,249,2,1260751,10886,3,0,0.09655934343434343,-0.08714678669667415,0.0,0.06666666666666665,-0.03825757575757577
cvh3s8l,2,8,13,47094,392,2,1260359,56361,3,0,0.04358974358974359,0.05398288347597105,0.0,0.3,0.03805668016194333
cvh57ek,1,9,60,49190,2096,2,1258263,10886,3,0,-0.03298611111111111,-0.047068585328150225,0.0,0.2333333333333333,0.004166666666666652
cvh6bhq,1,10,188,50826,1636,1,1256627,56361,3,0,0.010549645390070927,0.00445489815092965,0.0,0.6333333333333333,-0.004087346024636063
cvh7g25,3,11,26,52430,1604,1,1255023,10886,3,0,0.17406517094017093,-0.004485496374093522,0.0,0.06666666666666665,-0.05224358974358975
cvh7ktq,0,12,21,52617,187,3,1254836,56361,3,0,0.17698412698412702,-0.040487162606978266,0.0,0.3,-0.11578947368421053
cvh7nez,1,13,34,52719,102,0,1254734,10886,3,0,-0.005044934640522858,-0.08714678669667415,0.0,0.06666666666666665,-0.01151960784313727
cvh7ywm,-1,14,56,53152,433,1,1254301,56361,3,0,-0.0869047619047619,0.036184179141502334,0.0,0.6333333333333333,-0.026503759398496238
cvh94z0,1,15,35,54757,1605,-1,1252696,10886,3,0,0.12534722222222222,0.02008948182991693,0.0,0.06666666666666665,0.04226190476190475
cvh9jyr,0,16,18,55341,584,1,1252112,56361,3,0,0.06388888888888888,0.1683413603132255,0.1388888888888889,0.6333333333333333,0.05087719298245613
cvh33wr,2,5,45,46074,329,5,1261379,870,3,0,-0.046244606256742184,0.026562188529684214,0.026595744680851064,0.033333333333333326,-0.013888888888888895
cvh3a05,1,6,23,46333,259,2,1261120,23034,3,0,-0.03251846839226301,0.07309116124664204,0.05434782608695652,0.033333333333333326,0.11233293858907122
cvh3gso,3,7,22,46615,282,1,1260838,870,3,0,-0.07983046484260078,0.02215358637914658,0.052083333333333336,0.033333333333333326,-0.03409090909090909
cvh3tx2,1,8,78,47162,547,3,1260291,23034,3,0,-0.0766470451295354,-0.01875471688955866,0.028089887640449437,0.033333333333333326,0.03596727526688616
cvh4aqm,1,9,46,47853,691,1,1259600,870,3,0,0.1924027367384269,-0.08365286523375666,0.0,0.033333333333333326,-0.01630434782608696
cvh4end,1,10,117,48016,163,1,1259437,23034,3,0,0.12634440786191764,-0.0321141173457333,0.02862595419847328,0.033333333333333326,0.00605274535235624
cvh4pn4,1,11,74,48477,461,1,1258976,870,3,0,0.019371009358873443,-0.003979332392715052,0.01524390243902439,0.033333333333333326,0.023648648648648657
cvh53n5,2,12,104,49040,563,1,1258413,23034,3,0,-0.010674822907313183,-0.04739817718966194,0.010683760683760684,0.033333333333333326,-0.028135288835677938
cvh2ta7,5,3,52,45632,847,3,1261821,7683,3,0,-0.03830098472955615,-0.03413813051098087,0.0,0.016666666666666663,0.05922648779791638
cvh3124,3,4,400,45955,323,5,1261498,23034,3,1,-0.021331874189364452,-0.0400242886684683,0.008241758241758242,0.033333333333333326,0.022441634241245137
cvh8emf,0,5,209,53747,7792,3,1253706,28884,3,0,0.12105093488072212,-0.06701228878648235,0.015690376569037656,0.016666666666666663,0.028402728290746207
cvh3jwg,5,5,122,46745,790,3,1260708,7683,3,0,0.008619990470107584,0.029552965073975264,0.03597122302158273,0.016666666666666663,0.03652787493536909
cvh3okx,1,6,118,46941,196,5,1260512,23034,3,0,-0.03776902108201983,-0.02209456700360232,0.009541984732824428,0.033333333333333326,0.005111125766668861
cvh4b7l,1,7,95,47872,931,1,1259581,7683,3,0,0.03990414347557205,0.04725463390311042,0.03676470588235294,0.016666666666666663,0.010643491846499362
cvh4c50,1,8,30,47910,38,1,1259543,23034,3,0,-0.027929096411586685,0.07309116124664206,0.04032258064516129,0.033333333333333326,0.028274967574578466
cvh4s4q,1,9,91,48579,669,1,1258874,7683,3,0,-0.05570025212882355,0.027935910231113973,0.0,0.016666666666666663,0.015270443841872414
cvh50qq,1,10,117,48923,344,1,1258530,23034,3,0,-0.10371257219506244,-0.01070247551871366,0.008620689655172414,0.033333333333333326,-0.03668229738268648
cvh6ern,1,11,244,50957,2034,1,1256496,7683,3,0,0.05404348773786716,0.018262642493330098,0.021853146853146856,0.016666666666666663,0.02423279296815596
cvh8888,2,12,324,53505,2548,1,1253948,23034,3,0,-0.058227450321051685,-0.037267028950257804,0.013020833333333334,0.033333333333333326,0.02148484411778835
cvjrk96,1,13,10,232068,178563,2,1075385,7683,3,0,0.15657081014223873,-0.05547007640067911,0.0,-0.65,-0.09461966604823747
cvjs50o,1,14,3,232942,874,1,1074511,23034,3,0,-0.23904020752269778,-0.09223141939851921,0.0,-0.9666666666666667,-0.10505836575875487
cvh9wkx,1,13,223,55844,2339,2,1251609,7683,3,0,0.052908627780504786,0.03519069363053837,0.015182186234817815,0.016666666666666663,0.01748795727014818
cvha5eb,1,14,150,56191,347,1,1251262,23034,3,0,-0.10181798530047555,-0.0020554663193403486,0.02142857142857143,0.033333333333333326,0.008274967574578462
cvhavsq,1,15,66,57232,1041,1,1250221,7683,3,0,-0.040146361574933,0.0801792205389404,0.0487012987012987,0.016666666666666663,0.02659245516388374
cvh8lsl,1,13,97,54014,509,2,1253439,28884,3,0,0.08559326540243409,0.010138248847926266,0.045871559633027525,0.016666666666666663,-0.027139125406289252
cvh8qrq,0,14,101,54204,190,1,1253249,23034,3,0,0.05881457795585005,0.10190885879029404,0.06944444444444445,0.033333333333333326,0.003852525330354045
cvh99t7,1,15,167,54945,741,0,1252508,28884,3,0,0.11569800437809098,-0.035864556201162086,0.03415300546448087,0.016666666666666663,-0.01812622337529969
cvh9ta4,0,16,140,55711,766,1,1251742,23034,3,0,0.05500741152492126,-0.005788239976212681,0.041118421052631575,0.033333333333333326,0.016370205669816562
cvhaatj,2,17,217,56405,694,0,1251048,28884,3,1,0.11071718261148596,0.038517509655030875,0.08130081300813008,0.016666666666666663,0.027542807227090002
cvhcyqk,1,18,121,60375,3970,2,1247078,23034,3,1,0.061923979805125894,0.08027909953556214,0.072992700729927,0.033333333333333326,0.01890857639000547
cvhda3s,1,19,167,60876,501,1,1246577,28884,3,1,0.09673592852978759,-0.014702098294696956,0.025510204081632654,0.016666666666666663,-0.012138199423203877
cvhdutf,1,20,185,61791,915,1,1245662,23034,3,0,-0.033634802117292396,0.013326660262241035,0.0294811320754717,0.033333333333333326,0.019265958565569466
cvgq1p8,10,0,12,17017,17017,3,1290436,5364,3,0,0.11829501915708811,-0.020039100684261974,0.0,0.13333333333333333,0.002873563218390801
cvgr3cc,1,0,4,21876,21876,3,1285580,6312,3,0,0.20884920634920628,-0.04796924619755975,0.0,-0.2833333333333334,-0.09333333333333334
cvgsm2m,1,0,2,27179,27179,3,1280277,1234,3,0,-0.27233333333333337,-0.11224854184025713,,-0.75,-0.12
cvhlofi,1,0,12,74909,74909,3,1232547,154,3,0,0.04475555555555555,0.047935528580689855,0.0,-0.0166666666666667,0.03146666666666667
cvi37gd,1,0,31,121283,121283,3,1186173,12792,3,1,0.011211644374508261,-0.06519256448098953,0.0,0.19999999999999996,0.01683713611329661
cvgsbwd,1,0,44,26295,26295,3,1281161,10886,3,0,-0.011395202020202028,-0.028365424689505713,0.0,0.2333333333333333,0.02992424242424241
cvgttwj,1,0,37,30401,30401,3,1277055,133804,3,0,0.14272438627739484,0.034428001330229455,0.03205128205128205,0.25,0.08317199721211184
cvh11wm,-1,1,29,43019,12618,1,1264437,19379,3,0,0.018576140923621032,-0.08888310787374262,0.0,0.19999999999999996,0.004794939808202392
cvh7ghf,1,2,22,52446,9427,-1,1255010,133804,3,0,0.01629113484414345,-0.0647655470568673,0.0,0.08333333333333333,-0.060562646522531904
cvgn6e1,1,0,35,4960,4960,3,1302496,1858,3,0,0.2563699482544049,0.015498101649313747,0.0,0.033333333333333326,-0.05390056985655334
cvgysqj,0,0,41,39577,39577,3,1267883,20727,3,0,0.03301971594654523,0.04761318186915316,0.029069767441860465,0.08333333333333331,0.06490082099838199
cvh16ag,0,1,15,43196,3619,0,1264264,19379,3,0,0.38256081525312285,-0.011084246393666725,0.0,0.033333333333333305,-0.06646942800788956
cvgnm3n,-8,0,140,6395,6395,3,1301065,2358,3,0,0.054018485031143246,0.04793395520059898,0.02358490566037736,0.19999999999999996,-0.009373116335141665
cvgsb37,-1,0,11,26222,26222,3,1281238,27996,3,0,-0.20918754745634016,-0.0019948426020532438,0.0,-0.5333333333333333,-0.12984054669703873
cvh0r7x,-1,0,103,42575,42575,3,1264885,57428,3,0,0.13575661870784103,0.009260508261364668,0.011160714285714286,0.4333333333333333,0.015440402386244001
