comment_id,score,depth,length,time_since_submission,time_since_parent,parent_score,age,karma,submission_score,urls,alignment_content,alignment_syntax_3,alignment_syntax_4,alignment_features_binary,alignment_features_frequency
cviiy3j,31,0,55,5913,5913,9,1162362,4566,9,1,-0.04216236438458663,0.09465704767329003,0.034482758620689655,0.4875,-0.029090909090909084
cvijeim,6,1,41,6550,637,31,1161725,209,9,0,0.13255323767707958,-0.0007988881228317957,0.022727272727272728,0.16249999999999998,0.026028864939812213
cvijubl,15,2,32,7182,632,6,1161093,4566,9,0,0.08488940329218103,0.003756168278736764,0.0,0.4875,0.0050000000000000044
cvijamb,21,1,12,6397,484,31,1161878,37239,9,0,-0.04955078841217457,-0.07015741507870753,0.0,-0.4375,-0.11138613861386139
cvijtfb,5,2,2,7146,749,21,1161129,4566,9,0,-0.27448559670781897,-0.07960888691730435,0.0,-0.5125,-0.12
cvifnru,34,0,96,1393,1393,9,1166882,602,9,0,-0.040079272708462656,0.0453011804508513,0.02912621359223301,0.1875,0.011755121042830552
cvigvq7,-7,1,0,3082,1689,34,1165193,4209,9,1,,,,-0.5499999999999999,-0.11333333333333333
cvii0tl,7,2,7,4650,1568,-7,1163629,602,9,0,0.018865833111643183,0.08814155603770576,0.0,-0.5625,0.008778930566640059
cvij93s,13,3,48,6336,1686,7,1161943,28340,9,0,-0.030423280423280442,0.05606626335192363,0.01818181818181818,0.21249999999999997,0.0
cvirutu,-3,4,8,20664,14328,13,1147615,4209,9,0,0.2662037037037038,-0.11787925002242756,0.0,-0.175,-0.11333333333333333
cvispqt,5,5,46,22168,1504,-3,1146111,28340,9,0,0.00892857142857144,0.0798664720112872,0.03773584905660377,0.33749999999999997,0.02717391304347827
cviswuv,-5,6,4,22519,351,5,1145760,4209,9,1,0.10648148148148148,-0.11787925002242755,0.0,-0.42499999999999993,-0.11333333333333333
cvit4yy,8,7,41,22916,397,-5,1145363,28340,9,0,0.17085269066976383,0.030362037999810944,0.0,0.46249999999999997,0.045731707317073184
cvit9qn,-5,8,14,23147,231,8,1145132,4209,9,0,0.42592592592592576,0.17588332543028878,0.15384615384615383,-0.175,-0.11333333333333333
cvitl5o,8,9,3,23708,561,-5,1144571,28340,9,0,-0.2966269841269841,-0.07245486340863977,0.0,-0.5375,-0.125
cvitmry,-1,10,25,23788,80,8,1144491,4209,9,0,0.042592592592592564,-0.08360694955294397,0.0,0.32500000000000007,0.046666666666666676
cviud4p,3,11,48,25077,1289,-1,1143202,28340,9,0,0.1026785714285714,0.08274045947204055,0.01923076923076923,0.46249999999999997,0.0
cvjuesh,0,12,27,98278,73201,3,1070001,4209,9,0,0.26028806584362135,0.047954461926686474,0.06666666666666667,0.45000000000000007,-0.0022222222222222227
cvjwvqn,2,13,114,102426,4148,0,1065853,28340,9,0,0.10688178780284044,0.05606626335192362,0.023622047244094488,0.33749999999999997,0.015350877192982448
cvjx2lq,0,14,32,102755,329,2,1065524,4209,9,0,0.18634259259259264,0.07152030520366584,0.05405405405405406,0.32499999999999996,-0.019583333333333328
cvjxtc7,2,15,14,104015,1260,0,1064264,28340,9,0,-0.022817460317460323,0.0009857804545393078,0.0,0.08750000000000001,-0.053571428571428575
cvla32w,0,16,17,199431,95416,2,968848,4209,9,0,0.16285403050108935,-0.11787925002242756,0.0,0.07500000000000002,0.0043137254901960825
cvldjgm,2,17,17,205642,6211,0,962637,28340,9,0,0.004026610644257699,0.02546599507559902,0.0,0.08750000000000001,-0.00735294117647059
cvldt23,0,18,7,206234,592,2,962045,4209,9,0,-0.212962962962963,-0.11787925002242756,0.0,-0.17499999999999996,0.02952380952380952
cvle5ch,2,19,9,207040,806,0,961239,28340,9,0,-0.1546516754850088,-0.07245486340863976,0.0,-0.1625,-0.125
cvllsdb,0,20,17,236890,29850,2,931389,4209,9,0,0.012527233115468394,0.06356234069836783,0.0625,0.07500000000000001,-0.11333333333333333
cvltd18,2,21,2,249302,12412,0,918977,28340,9,0,-0.296626984126984,,,-0.5375,-0.125
cvlv6ve,0,22,3,251888,2586,2,916391,4209,9,0,-0.21296296296296297,-0.11787925002242755,0.0,-0.5499999999999999,-0.11333333333333333
cvlvpq0,2,23,2,252675,787,0,915604,28340,9,0,-0.296626984126984,,,-0.5375,-0.125
cvigvq2,-4,1,28,3082,1689,34,1165197,209,9,0,0.19822300151757516,0.20404704571775978,0.14285714285714285,-0.08750000000000002,0.0695828719084533
cviht3v,8,2,50,4355,1273,-4,1163924,602,9,0,-0.039546865301055216,0.011980888327742295,0.018867924528301886,0.1875,-0.05407821229050279
cvihtp1,26,2,15,4378,1296,-4,1163901,57475,9,0,0.04624338624338621,0.09621332970196872,0.0,0.3375,-0.03238095238095237
cvikstp,-4,3,38,8607,4229,26,1159672,1981,9,0,0.022680691442051138,-0.07147334210490852,0.0,0.04999999999999999,-0.05698209520863143
cvil5i3,2,4,12,9148,541,-4,1159131,602,9,0,-0.3462135319677218,-0.08321994630971209,0.0,-0.5625,-0.1340782122905028
cvil9hb,-5,5,31,9322,174,2,1158957,1981,9,0,0.13982839942167763,0.05092773100038993,0.029411764705882353,-0.07500000000000001,-0.03915527008129696
cvim5zh,6,6,43,10760,1438,-5,1157519,602,9,3,-0.07877167150260564,0.02615973603970358,0.0,-0.06250000000000001,0.00545667143042744
cvim9oy,-1,7,116,10926,166,6,1157353,1981,9,1,-0.07123945374851148,-0.01027280555225933,0.0,0.04999999999999999,0.010622260508246967
cviqap5,5,8,75,17855,6929,-1,1150424,602,9,0,0.06267535692116695,0.0636613414166461,0.024096385542168672,0.062499999999999986,0.012588454376163877
cviqiqr,-6,9,48,18256,401,5,1150023,1981,9,0,-0.020752544425395265,-0.007318296891096949,0.0,-0.07500000000000001,-0.031762796963017384
cviragg,1,10,17,19642,1386,-6,1148637,602,9,0,0.10476686018914089,-0.08321994630971204,0.0,-0.0625,0.04239237594479134
cvirdlm,1,11,42,19800,158,1,1148479,1981,9,0,0.021079466156615323,0.008961648792858995,0.0,0.04999999999999999,-0.04069136839158882
cvirkdo,1,12,66,20141,341,1,1148138,602,9,0,-0.07516976092395086,-0.019752723218075814,0.012499999999999999,0.1875,-0.04316912138141188
cvirz6m,0,13,186,20877,736,1,1147402,1981,9,1,0.05739112343601454,0.0030902473830897695,0.013824884792626727,0.04999999999999999,-0.00689720556516793
cvitsed,1,14,25,24061,3184,0,1144218,602,9,1,0.011564245810055855,0.16354061707056966,0.041666666666666664,0.062499999999999986,0.025921787709497213
cvitvnp,-2,15,96,24214,153,1,1144065,1981,9,0,0.03248819631534548,-0.031114069351269626,0.0,0.04999999999999999,-0.021346130296350727
cviux25,1,16,76,26078,1864,-2,1142201,602,9,0,0.023669508967950604,-0.03648499112405264,0.0,0.1875,-0.028815054395765954
cviv645,-1,17,133,26524,446,1,1141755,1981,9,0,0.061110098292510615,0.04157223496686389,0.04487179487179487,0.04999999999999999,-0.03066630573494722
cvj7u97,3,9,38,64271,46416,5,1104008,7683,9,0,0.14510844210092325,0.017812577217692128,0.0,-0.1125,0.010643491846499362
cvimv2n,6,4,58,11898,3291,-4,1156381,57475,9,0,-0.13734537493158183,-0.033296421110598995,0.0,0.5875,-0.06226600985221674
cvin7we,-4,5,67,12490,592,6,1155789,1981,9,1,-0.06564958699034827,-0.015836490693409252,0.0,-0.07500000000000001,-0.04637722482371391
cvipwgo,1,6,107,17140,4650,-4,1151139,57475,9,0,-0.11696187509271619,0.0062485409695743534,0.025210084033613443,0.5875,-0.05356475300400533
cvipzfh,4,7,58,17290,150,1,1150989,1981,9,0,0.08297510563846168,0.011467086536592187,0.0303030303030303,-0.07500000000000001,-0.015239808457270257
cvinds4,1,6,6,12763,273,-4,1155516,44810,9,0,-0.16922949735449724,-0.1098471168893704,0.0,-0.32499999999999996,0.06845238095238095
cviomk8,-3,7,18,14910,2147,1,1153369,1981,9,0,0.0413616531054689,0.07540794562144956,0.0,-0.2,-0.02481835251857295
cviphi4,6,6,22,16405,3915,-4,1151874,143328,9,0,-0.06905395714059975,0.013938141614881668,0.0,-0.1375,0.044232943149910664
cvipq1g,2,7,17,16820,415,6,1151459,1981,9,0,0.1374037736573934,-0.03883305594349563,0.0,-0.07500000000000001,-0.018282404806154645
cvir3lq,4,8,99,19297,2477,2,1148982,143328,9,0,-0.03033341842006101,0.053003311690250854,0.034782608695652174,0.11249999999999999,-0.026474127557160054
cvirb9x,-2,9,144,19683,386,4,1148596,1981,9,0,-0.00300563084514835,0.039493858303128494,0.042168674698795185,0.04999999999999999,-0.031762796963017384
cviuiqa,0,10,62,25363,5680,-2,1142916,143328,9,0,-0.05406536150684282,0.036369023200692824,0.013888888888888888,0.11249999999999999,-0.02468201286181955
cviul01,2,11,33,25477,114,0,1142802,1981,9,0,-0.0038123087351595673,-0.03547302648570314,0.0303030303030303,-0.07500000000000001,0.015585687885467464
cvimrs8,-5,1,43,11750,10357,34,1156529,5144,9,0,0.15745730131719918,-0.03283427336075568,0.021739130434782608,0.225,0.03270939686141047
cvinfis,4,2,29,12843,1093,-5,1155436,44810,9,0,0.1465431718664478,-0.04558655350908872,0.0,0.05,-0.029248768472906403
cvip05g,7,3,284,15566,2723,4,1152713,5144,9,2,0.10315279209130121,0.014517437225953363,0.019047619047619046,0.225,0.010763769609527074
cvihj93,8,0,30,3976,3976,9,1164303,13581,9,2,0.13589065255731925,0.09337434636267097,0.06451612903225806,0.12499999999999999,-0.05396825396825397
cvin9pq,3,0,16,12575,12575,9,1155704,1743,9,0,0.09298896499238966,0.15002874389192297,0.0,-0.225,-0.0699200913242009
cvihir8,9,0,82,3958,3958,9,1164324,1205,9,1,-0.0027463684598531624,0.0011519179095056831,0.022988505747126436,0.012499999999999997,-0.03845435006074199
cviu9ih,2,1,14,24893,20935,9,1143389,3474,9,0,-0.10464815676542062,-0.028224247445457044,0.0,-0.125,-0.10423452768729642
cviur4z,2,2,45,25785,892,2,1142501,1205,9,0,-0.08273733503618562,-0.011677285474792975,0.019999999999999997,0.012499999999999997,-0.11379310344827587
cvif12l,3,0,10,535,535,9,1167751,8477,9,1,0.2770144189991519,-0.07672903090182888,0.0,0.1875,-0.11450381679389313
cvigwyc,-5,1,5,3128,2593,3,1165163,4209,9,1,0.04259259259259262,-0.11787925002242754,0.0,-0.17499999999999993,0.08666666666666668
cvih5w6,1,2,6,3473,345,-5,1164818,209,9,0,0.12216480045937406,-0.11503988968777705,0.0,-0.3375,-0.14470284237726097
cvil9o6,0,3,31,9330,5857,1,1158961,602,9,0,0.06597284796059351,-0.018959382929430352,0.0,0.062499999999999986,-0.06956208325824473
cvily93,2,4,32,10404,1074,0,1157887,209,9,0,0.015683318977892647,0.05632161265964082,0.028571428571428567,0.16249999999999998,0.04279715762273903
cviqipf,1,5,32,18254,7850,2,1150037,602,9,0,-0.1465607541899441,-0.02273941606944694,0.0,0.062499999999999986,-0.00907821229050279
cvikcj3,4,3,133,7926,4453,1,1160365,15240,9,1,0.09719311401864245,-0.029564594171811506,0.0,-1.3877787807814457e-17,0.01250370019537031
cvim4es,7,2,23,10688,7560,-5,1157603,5462,9,0,0.001093613298337706,-0.04606778480067684,0.0,0.06250000000000001,-0.02327969873331051
cvisufn,-1,3,14,22401,11713,7,1145890,11374,9,0,-0.10805860805860802,0.04537415576260109,0.0,-0.09999999999999999,-0.12040133779264214
cvj8hlg,-1,4,13,65644,43243,-1,1102647,7496,9,0,-0.1054390054390054,0.13029264962831677,0.08333333333333333,-0.075,-0.10303030303030303
cvj98w8,1,5,9,67093,1449,-1,1101198,11374,9,0,-0.006647673314339968,0.027013994796806325,0.0,0.02500000000000001,0.10182088442958007
cvifm8c,1,1,18,1336,801,3,1166955,209,9,0,0.12216480045937411,-0.012222988279326292,0.0,-0.08750000000000002,0.021963824289405687
cviiqki,0,2,22,5630,4294,1,1162661,16339,9,0,0.07365554991253313,-0.04945623105722946,0.0,0.22499999999999995,-0.06272219400711021
cvifsfj,6,2,38,1565,229,1,1166726,37239,9,1,0.20824648254299125,-0.01743079897180974,0.0,0.0625,-0.08507034914017718
cvifrk8,12,1,94,1532,997,3,1166759,14867,9,0,0.13712781930867038,-0.005663847124000454,0.0,0.275,0.05872627947096032
cvij6ql,-1,2,128,6245,4713,12,1162046,16339,9,0,0.11449361809435132,0.07363442555852139,0.0,0.35,-0.028631284916201122
cvik0co,2,2,55,7431,5899,12,1160860,7988,9,0,0.024027723742417073,-0.03297396938425265,0.0,0.1625,-0.014304240695110881
cvistmi,1,3,54,22359,14928,2,1145932,11374,9,0,0.017014878125989247,-0.032962531024789916,0.01694915254237288,0.275,0.009228291836987479
cvjg09c,1,4,126,77476,55117,1,1090815,7988,9,0,0.030481146862506827,-0.006010254729172401,0.0072992700729927005,0.1625,-0.004347530738400926
cviqm5p,2,3,58,18432,11001,2,1149859,3509,9,0,0.14319923371647508,0.018327433406140944,0.03076923076923077,0.125,-0.03788932146829811
cvjg0mr,1,4,2,77490,59058,2,1090801,7988,9,0,-0.32445712474243144,-0.06561425554566556,,-0.5874999999999999,-0.12339514978601997
cvigtlo,1,2,44,2997,1465,12,1165294,209,9,0,0.10280453109910478,0.038091665601404874,0.021739130434782608,0.16249999999999998,-0.008339206013624617
cvigncw,5,0,51,2758,2758,9,1165533,15240,9,0,-0.06537834731442879,-0.026403111909252205,0.018518518518518517,0.12499999999999999,0.014420256291492989
cvigvb5,0,1,10,3065,307,5,1165226,4209,9,1,0.04259259259259262,-0.11787925002242755,0.0,-0.175,-0.013333333333333322
cvih5er,3,2,77,3455,390,0,1164836,15240,9,0,0.11553442183363441,0.05215612228378481,0.024096385542168672,0.12499999999999999,0.045996523161877495
cvihd20,-2,3,22,3741,286,3,1164550,4209,9,0,0.42592592592592604,-0.02440933965110872,0.0,0.07500000000000001,0.0684848484848485
cvihhc4,2,4,18,3902,161,-2,1164389,209,9,0,0.12216480045937403,0.17056261422458605,0.058823529411764705,-0.08750000000000002,-0.033591731266149866
cvii0qs,4,4,96,4647,906,-2,1163644,15240,9,2,0.09669273111694372,0.009315746696930352,0.02702702702702703,0.12499999999999999,-0.018667979002624666
cvifl5c,3,0,79,1296,1296,9,1166995,44810,9,0,0.08686520494273661,0.04927427814751756,0.048192771084337345,0.30000000000000004,0.07900090415913201
cvigxf5,7,1,22,3147,1851,3,1165144,209,9,0,0.16088533917991285,-0.02156997931645819,0.0,0.03749999999999998,0.03711533944092085
cvih7py,-1,2,36,3540,393,7,1164751,44810,9,0,0.04373346560846564,0.04833273143132295,0.0,0.175,0.012896825396825393
cviiumj,-3,3,37,5782,2242,-1,1162509,1205,9,0,-0.2162708685697191,-0.01887734859863406,0.024390243902439022,-0.2375,-0.08196127161644404
cviprbm,1,4,41,16882,11100,-3,1151409,4745,9,0,-0.15328984685195687,0.11763545755406755,0.06382978723404255,0.26249999999999996,0.02424844015882019
cvirtl5,2,5,62,20603,3721,1,1147688,1205,9,0,0.050536261140636404,0.0974978255230189,0.046875,-0.1125,0.009145964652082561
cvij2dk,2,4,41,6075,293,-3,1162216,44810,9,0,-0.070539343786295,0.141483086553509,0.11363636363636365,0.30000000000000004,0.048127177700348425
cvik6xm,1,5,62,7694,1619,2,1160597,1205,9,2,-0.09372897183427399,0.025187037719273407,0.043478260869565216,0.012499999999999997,0.009145964652082561
cvikwip,0,6,12,8763,1069,1,1159528,44810,9,0,-0.3821924603174602,0.03703417083698772,0.0,0.049999999999999975,0.06845238095238095
cvin7cu,4,7,31,12465,3702,0,1155826,3598,9,0,-0.0019171459531549494,-0.008535452148632395,0.027777777777777776,0.10000000000000003,-0.07501875468867217
cviqvm0,2,8,26,18906,6441,4,1149385,3509,9,0,-0.17200854700854695,0.05820792849790364,0.0,0.25,0.04699131513647643
cvirnbw,0,9,14,20289,1383,2,1148002,3598,9,0,0.15706902916205243,-0.0641121556126598,0.0,-0.02499999999999998,-0.0681063122923588
cvj9xmt,1,10,10,68306,48017,0,1099985,3509,9,0,-0.06388888888888887,-0.10629911375561747,0.0,-0.12499999999999999,0.09314516129032259
cvjaqhr,1,11,14,69633,1327,1,1098658,3598,9,0,0.2483388704318937,-0.06411215561265979,0.0,0.22500000000000003,-0.0681063122923588
cvjb3xb,1,12,33,70227,594,1,1098064,3509,9,0,-0.24200336700336694,-0.01817034111980261,0.058823529411764705,0.12499999999999999,0.0446603128054741
cvjbzif,1,13,7,71605,1378,1,1096686,3598,9,0,0.5221483942414176,0.2296504198400565,0.0,0.22500000000000003,0.14617940199335547
cvjmc1m,1,14,26,86415,14810,1,1081876,3509,9,0,-0.12286324786324783,0.14187961378202216,0.07142857142857142,0.12499999999999999,0.04699131513647643
cvixoji,2,10,113,31329,11040,0,1136962,5572,9,0,0.16630692855601117,0.022394638023897455,0.008130081300813007,0.4749999999999999,-0.0009353190877041534
cvihe5l,2,3,33,3782,242,-1,1164512,209,9,0,0.08344426173883539,0.0024651404933095033,0.0,0.03749999999999998,0.03711533944092085
cvii2iv,4,4,32,4715,933,2,1163579,44810,9,0,0.17683531746031741,-0.04936658664910531,0.0,0.05000000000000003,-0.004464285714285712
cviildk,0,5,29,5438,723,4,1162856,209,9,0,0.22497450671735622,0.10987208214320889,0.06451612903225806,0.03749999999999998,0.027710950726187317
cvijrpc,5,6,41,7076,1638,0,1161218,16339,9,0,-0.08783742865361616,0.01759826986132536,0.022222222222222223,0.35,-0.05607030930644502
cvii39n,4,4,13,4744,962,2,1163550,5424,9,1,-0.04394167923579688,0.04301381840299558,0.0,-0.14999999999999997,-0.11176470588235295
cvim1ur,2,5,14,10571,5827,4,1157723,5456,9,0,0.4746031746031743,0.07855733207845882,0.0,-0.07500000000000001,-0.026684636118598393
cvisx6t,3,6,15,22535,11964,2,1145759,11374,9,0,0.05014245014245014,-0.032962531024789916,0.0,0.15,-0.05373467112597548
cvj81tf,1,7,15,64734,42199,3,1103560,9195,9,0,-0.13752788933511825,-0.00038293073150261306,0.0,0.35,-0.07188755020080322
cvihu3j,9,4,16,4395,613,2,1163903,3508,9,0,-0.0013365876336587591,-0.06620785317968417,0.0,-0.09999999999999999,0.0787133891213389
cvii2jc,6,5,32,4715,320,9,1163587,209,9,0,0.25526665231122597,-0.02691111705196213,0.029411764705882353,0.03749999999999998,-0.01970284237726097
cviqlfq,5,6,22,18395,13680,6,1149907,602,9,0,0.06035212459793458,-0.0403795707228576,0.0,0.1875,-0.08862366683595733
cvj6zmn,2,7,20,62260,43865,5,1106042,3508,9,0,0.06255230125523015,-0.017247423937564784,0.0,0.275,-0.05878661087866109
cvj7j84,2,8,32,63585,1325,2,1104717,602,9,0,0.09302257914338923,-0.0244674312191688,0.029411764705882353,0.1875,-0.07157821229050279
cvjjwbt,1,0,9,82995,82995,9,1085307,20727,9,0,0.3739497072830406,-0.09411975911086447,0.0,-0.2,-0.01911001911001911
