comment_id,score,depth,length,time_since_submission,time_since_parent,parent_score,age,karma,submission_score,urls,alignment_content,alignment_syntax_3,alignment_syntax_4,alignment_features_binary,alignment_features_frequency
cvil3o6,2,0,18,2820,2820,1,1159041,1981,1,1,0.36325495958853776,0.06828957330899904,0.0,-0.08571428571428573,-0.02481835251857295
cvilf13,1,1,79,3309,489,2,1158552,1862,1,0,0.19349334210093694,-0.01614204720873448,0.03503010399562123,0.3142857142857142,0.05600306866129651
cvili6c,1,2,63,3448,139,1,1158413,1981,1,0,0.1589692453028236,0.08317111872445533,0.0,0.05714285714285713,-0.02481835251857295
cviljmz,1,3,20,3513,65,1,1158348,1862,1,0,-0.07901298701298706,0.002413764068595768,0.0,0.17142857142857146,0.0787878787878788
cvitjuu,2,1,41,17395,14575,2,1144466,2794,1,0,0.42060001744236736,0.022082500555185437,0.03463203463203463,0.014285714285714282,-0.009157242943108823
cvitpsa,1,2,17,17686,291,2,1144175,1981,1,2,0.6920784890003027,-0.12381764932689071,0.0,-0.08571428571428573,-0.018282404806154645
cvj6qwb,1,3,137,55387,37701,1,1106474,2794,1,3,0.20730466405087736,0.039245232907791215,0.020732102364755423,0.15714285714285717,-0.03621795150639884
cvjajsh,1,4,91,63084,7697,1,1098777,1981,1,0,0.37896924530282355,0.0664244546426312,0.014939309056956115,0.05714285714285713,-0.048017375717596136
cvjnyn3,1,5,39,82418,19334,1,1079443,2794,1,0,0.11620977353992851,-0.08512885349161166,0.0,-0.1285714285714286,-0.07982641117325266
cvjr8l6,1,6,15,87077,4659,1,1074784,1981,1,1,-0.07874504041146205,0.08029627472374218,0.0,-0.2285714285714286,-0.06926279696301739
cvjs3lf,2,7,83,88372,1295,1,1073489,2794,1,2,-0.015356491520312442,0.15255232466745014,0.017316017316017316,0.15714285714285717,-0.03472292028662924
cvjt40f,0,8,75,89946,1574,2,1071915,1981,1,2,0.014854959588537844,0.09523143989817874,0.037624926513815396,0.05714285714285713,-0.055929463629684054
cvk1bux,2,9,131,103738,13792,0,1058123,2794,1,0,-0.03859938676541506,-0.015920692511298767,0.031098153547133137,0.014285714285714282,0.04446405662866551
cvk1vmz,0,10,130,104685,947,2,1057176,1981,1,1,-0.006745040411462157,0.07764544454126643,0.019919078742608155,0.05714285714285713,-0.020544848245068664
cvkxxfv,2,11,290,172533,67848,0,989328,2794,1,3,0.13503735974682507,0.019741408953171016,0.044382801664355064,0.15714285714285717,-0.013867083144959116
cvkyn5s,0,12,69,173560,1027,2,988301,1981,1,0,0.1315158291537552,0.06955343661581413,0.0,0.05714285714285713,0.023490826225388395
cvl3too,2,13,147,182227,8667,0,979634,2794,1,0,0.16396487558074477,0.049995515809972864,0.029493087557603687,0.15714285714285717,-0.0018567617750318288
cvj8uyi,2,4,16,60118,4731,1,1101743,1862,1,1,-0.25451298701298714,0.14212810780378837,0.09523809523809523,-0.2571428571428572,-0.058712121212121215
cvjnvyf,1,5,2,82317,22199,2,1079544,2794,1,0,-0.6637902264600714,-0.15935209860093275,0.0,-0.8428571428571429,-0.13110846245530394
cvijds5,1,0,13,272,272,1,1161589,120217,1,1,-0.42463320463320453,0.1308604948617298,0.0,0.04285714285714283,0.026433026433026446
cviji35,1,0,17,442,442,1,1161419,31039,1,0,0.113825446181369,-0.14526214910354188,0.0,0.09999999999999998,-0.006176257613834821
cvijnot,0,1,23,667,225,1,1161194,1862,1,0,0.6738565782044038,0.24586600802716893,0.19047619047619047,0.1714285714285714,-0.077733860342556
cvijpol,2,2,16,746,79,0,1161115,31039,1,0,0.15684015206372193,0.03617245005257626,0.08963585434173668,-0.18571428571428575,-0.12382331643736423
cvirhz0,1,0,214,13772,13772,1,1148089,19673,1,0,0.3567744029075804,0.10360598257366313,0.03907203907203907,0.028571428571428564,0.017371928002769113
cvitkk7,1,1,8,17430,3658,1,1144431,2794,1,0,-0.0787902264600715,-0.1593520986009327,0.0,-0.27142857142857146,-0.006108462455303942
