comment_id,score,depth,length,time_since_submission,time_since_parent,parent_score,age,karma,submission_score,urls,alignment_content,alignment_syntax_3,alignment_syntax_4,alignment_features_binary,alignment_features_frequency
cvisa7j,7,0,11,4859,4859,0,1146676,31039,0,0,0.31991968928971104,0.13513048465729852,0.09999999999999999,-0.39999999999999997,-0.03291422552827332
cvj3jrz,3,1,14,32741,27882,7,1118794,29563,0,0,-0.0551152073732719,-0.06289308176100629,0.0,0.13333333333333333,0.010599078341013812
cvit6va,3,0,46,6456,6456,0,1145079,12751,0,1,0.1728359908883827,0.05942972260963893,0.018867924528301886,-0.04999999999999999,0.007427948895711592
cvivb4o,0,1,13,10228,3772,3,1141307,5424,0,1,0.10927601809954751,-0.07017543859649122,0.0,-0.26666666666666666,0.04208144796380091
cvixh3q,2,2,29,14357,4129,0,1137178,12751,0,0,0.17542219778493442,0.01868898186889819,0.0,0.11666666666666668,0.014924200769774562
cvipq4q,1,0,5,274,274,0,1151261,9390,0,0,-0.09233576642335764,-0.06474820143884892,0.0,-0.24999999999999997,0.06861313868613139
cviq0df,-1,1,52,785,511,1,1150750,5424,0,0,0.17562217194570137,-0.004601668104687949,0.016666666666666666,0.4000000000000001,-0.07330316742081448
cviqhvq,6,2,16,1663,878,-1,1149872,9390,0,0,0.12328923357664234,0.06025179856115108,0.06666666666666667,0.25,-0.006386861313868619
cviqpek,-1,3,34,2042,379,6,1149493,5424,0,0,0.10147058823529413,-0.0431484115694642,0.0,0.4000000000000001,0.03529411764705882
cviqwg6,1,4,6,2395,353,-1,1149140,4461,0,0,-0.13719839142091153,-0.036860879904875146,0.0,-0.9333333333333335,-0.10589812332439678
cviqy63,0,5,6,2480,85,1,1149055,5424,0,0,-0.06764705882352941,-0.07017543859649122,0.0,-0.26666666666666666,0.05490196078431371
cvir3tw,0,6,60,2759,279,0,1148776,4461,0,0,0.035301608579088484,0.008593665549670308,0.015384615384615385,0.06666666666666665,-0.0058981233243967784
cvir5pm,4,5,13,2855,460,1,1148680,204010,0,2,-0.08370253164556961,-0.017191977077363897,0.0,-0.4333333333333333,-0.05598831548198635
cvircx9,1,6,64,3216,361,4,1148319,4461,0,0,0.006551608579088472,-0.010194213238208478,0.0,0.06666666666666665,0.034726876675603216
cvirfwc,0,7,48,3367,151,1,1148168,204010,0,0,0.10796413502109707,0.039411796507541765,0.0,0.06666666666666667,-0.028744725738396606
cvirlqy,1,8,60,3658,291,0,1147877,4461,0,0,-0.0030317247542448553,0.018694675650680406,0.014084507042253521,0.06666666666666665,-0.03923145665773012
cvirt86,0,9,72,4035,377,1,1147500,204010,0,1,0.02810302390998593,0.056882096996710166,0.0,0.23333333333333336,-0.007911392405063278
cvis54n,1,10,45,4616,581,0,1146919,4461,0,0,0.016134941912421805,-0.016452716639569022,0.0,0.06666666666666665,0.049657432231158774
cvisdcb,2,11,83,5009,393,1,1146526,204010,0,1,0.06870710690864723,0.02676406687868006,0.0,0.23333333333333336,0.03576330639011743
cvislgx,1,12,232,5407,398,2,1146128,4461,0,1,-0.01823287417953221,0.019109269348856192,0.0149812734082397,0.06666666666666665,0.032032911158361835
cvisrdk,2,13,68,5697,290,1,1145838,204010,0,0,-0.04987900223380492,0.022281707133162416,0.013333333333333332,0.23333333333333336,-0.015264333581533868
cvisuy4,1,14,151,5876,179,2,1145659,4461,0,0,-0.06103945102356054,0.02061038446294095,0.005780346820809248,0.06666666666666665,-0.026427924648900092
cvisyqe,2,15,77,6060,184,1,1145475,204010,0,0,0.020842922899884927,0.05597875462995317,0.012345679012345678,0.23333333333333336,0.048906789413118545
cvit3s7,1,16,252,6306,246,2,1145229,4461,0,0,0.02708732286480276,0.040062197018201774,0.010526315789473684,0.06666666666666665,0.013149495723222257
cvitc5z,1,4,32,6720,4678,-1,1144815,4865,0,0,0.006692813765182182,0.0019629493313703806,0.0,0.15,0.0035425101214574956
cvirx1g,1,4,19,4224,2182,-1,1147311,9390,0,0,-0.03180945063388398,-0.06474820143884892,0.0,0.25,0.026507875528236635
cvj0i9h,1,5,11,21423,17199,1,1130112,5279,0,0,0.07072192513368983,-0.013888888888888888,0.0,0.06666666666666667,0.03208556149732621
cviqtil,5,2,25,2249,1464,-1,1149286,66395,0,0,0.013865580448065178,0.031468531468531465,0.0,-0.10000000000000002,-0.10867617107942973
cvir6st,2,3,31,2911,662,5,1148628,204010,0,0,0.06468456512862392,-0.017191977077363897,0.0,0.23333333333333336,0.02837893017558188
cvjcgrd,1,4,41,55794,52883,2,1095745,66395,0,0,0.044158263374894445,0.07359307359307359,0.024390243902439025,0.06666666666666665,-0.026724951567234617
cvj1s4o,1,0,49,25462,25462,0,1126077,21440,0,0,0.045643912737508806,-0.02319347319347319,0.0,0.3,0.04257565095003517
cvj5jrp,1,1,19,41365,15903,1,1110174,5424,0,0,0.1139318885448916,0.04747162022703819,0.0,0.0666666666666667,-0.05913312693498453
cvjgatf,1,0,12,61345,61345,0,1090194,20727,0,0,-0.020014332514332513,-0.05098493626882966,0.0,-0.4166666666666666,-0.13022113022113022
