comment_id,score,depth,length,time_since_submission,time_since_parent,parent_score,age,karma,submission_score,urls,alignment_content,alignment_syntax_3,alignment_syntax_4,alignment_features_binary,alignment_features_frequency
cvix1tn,5,0,28,828,828,0,1138001,88725,0,0,0.2871307666777299,0.02908419412545445,0.0,0.32857142857142857,0.023173391494002174
cvje3ju,1,1,144,45570,44742,5,1093259,922,0,0,-0.010031847133757944,-0.01288834622167955,0.012605042016806721,0.0,0.016020877565463554
cvixh2v,1,1,55,1726,898,5,1137103,340,0,0,0.23900255754475705,0.002975500425071513,0.054359243697479,0.11428571428571425,0.01697860962566844
cvixjp7,3,2,182,1877,151,1,1136956,88725,0,0,0.20059230513926826,0.0897535756776883,0.05854072398190045,0.4714285714285714,0.03690965523026592
cvixlq7,4,3,33,1997,120,3,1136836,133804,0,0,0.11844117014168093,0.11492380564545512,0.11274509803921569,0.2714285714285714,0.015194929235043855
cvixp9q,1,4,117,2191,194,4,1136642,88725,0,0,0.1939033419285659,0.02276792974467393,0.015491692860350247,0.4714285714285714,0.027141645462256142
cvj81gh,1,5,61,35532,33341,1,1103301,1205,0,0,0.18217428171160316,-0.06745132801470832,0.015610859728506787,0.0,0.01152565793605928
cvixz6j,2,5,41,2771,580,1,1136062,133804,0,1,0.07896368050512448,-0.0118953211736717,0.0,0.2714285714285714,0.08910475924243484
cviy96o,2,6,48,3379,608,2,1135454,88725,0,0,0.17707641885164285,0.046781651871603616,0.0,0.32857142857142857,0.0826972010178117
cvj3i39,2,0,51,19886,19886,0,1118947,29563,0,0,0.04937711409949672,0.008278234693329035,0.03829078801331853,0.2857142857142857,-0.014611005692599627
cvixi1m,2,0,69,1782,1782,0,1137051,133804,0,0,0.16174758017776963,0.06705204724738092,0.027058823529411767,0.2714285714285714,0.02441759063161829
cviyq49,0,1,109,4399,2617,2,1134434,340,0,0,0.005296933292662879,-0.01787237523224157,0.008823529411764706,0.11428571428571425,0.03649487317862926
cvj6m4v,0,1,62,32088,30306,2,1106745,120217,0,0,0.169297979606535,0.07129455909943712,0.058823529411764705,0.12857142857142856,0.017748162909453247
cvj6pv8,2,2,22,32378,290,0,1106455,133804,0,0,0.05618820571480345,0.009083699805349274,0.0,-0.014285714285714282,0.030346444386558993
cvj6ro1,0,3,24,32510,132,2,1106323,120217,0,1,0.022032902467685057,0.0712945590994371,0.0,-0.0142857142857143,0.03925353925353925
cvjeomv,1,4,15,46416,13906,0,1092417,88725,0,0,-0.0683040159309658,0.19409660107334525,0.0,0.04285714285714289,0.04936386768447837
cvjetg5,-1,5,15,46610,194,1,1092223,120217,0,0,-0.11492361927144537,-0.08255159474671667,0.0,-0.15714285714285717,0.0725868725868726
cvjf8wa,1,6,41,47220,610,-1,1091613,88725,0,0,0.08312758534156868,-0.05222091120161381,0.0,0.4714285714285714,-0.010798733941537894
cvjfjtk,0,7,42,47646,426,1,1091187,120217,0,0,0.11985898942420678,0.03201469003233406,0.022058823529411763,0.2714285714285714,0.03925353925353925
cvj6y0d,2,4,35,32968,458,0,1105865,133804,0,0,0.057966861841285654,0.1265662172878668,0.029844290657439446,0.12857142857142856,0.03683995088006549
cvj74ms,-1,5,43,33434,466,2,1105399,120217,0,0,0.08042521793785698,0.02302909906927122,0.0,0.2714285714285714,0.012121756307802822
cvj8jlk,1,6,74,36574,3140,-1,1102259,1205,0,0,-0.06449309129219173,0.015357529794149541,0.012844378257632166,0.0,-0.0008801905353629513
cvj8v62,0,7,16,37198,624,1,1101635,120217,0,0,0.05056551116333727,0.11937148217636025,0.0,-0.014285714285714315,0.06008687258687259
cvj9mxg,1,8,47,38613,1415,0,1100220,1205,0,0,-0.20428482567227021,-0.044807305370685634,0.0,0.0,-0.09346213418113639
cvj9qle,0,9,24,38793,180,1,1100040,120217,0,0,-0.03503231492361929,-0.08255159474671671,0.0,-0.014285714285714315,-0.0024131274131274083
cvjaixk,0,10,40,40115,1322,0,1098718,1205,0,0,0.10022488755622189,-0.08376834433172463,0.0,0.0,0.06398467432950192
cvjaqaw,1,11,59,40445,330,0,1098388,120217,0,0,0.18839251926945375,-0.02272253491765686,0.0,0.2714285714285714,-0.07656566978600876
cvjbft4,1,12,97,41570,1125,1,1097263,1205,0,0,-0.012022983353683963,0.02647793113194214,0.01780185758513932,0.0,-0.07415965556740531
cvjbvil,0,0,296,42248,42248,0,1096585,30743,0,1,0.1241052121068843,-0.01052839376192669,0.009141494435612083,0.31428571428571433,0.03538301615224691
