comment_id,score,depth,length,time_since_submission,time_since_parent,parent_score,age,karma,submission_score,urls,alignment_content,alignment_syntax_3,alignment_syntax_4,alignment_features_binary,alignment_features_frequency
cvj2gpn,11,0,37,374,374,0,1123358,22438,0,0,0.13155835736480898,0.08430644724474684,0.0,-0.05000000000000002,0.005467005467005487
cvj30ne,-9,1,138,2688,2314,11,1121044,6138,0,0,-0.0015850448615726677,0.0432964026195389,0.03291753291753292,0.062499999999999986,0.032800136135454794
cvjl3xw,1,2,79,40487,37799,-9,1083245,36675,0,0,0.14688348185333755,0.13116332819722648,0.035414725069897485,0.25,0.07457930007446018
cvjwj0q,-2,3,0,57630,17143,1,1066102,6138,0,1,,,,-0.8125000000000001,-0.11937377690802348
cvkhm1m,1,4,121,110811,53181,-2,1012921,36675,0,0,0.10922263866890394,-0.02014688211484948,0.015444015444015444,0.25,0.016937287311618865
cvj3b3z,6,2,208,3978,1290,-9,1119754,22438,0,0,0.11269644334160463,0.12260675212279552,0.04726902634852426,0.07499999999999998,-0.04131054131054129
cvj3j1r,3,3,55,4990,1012,6,1118742,6138,0,0,0.09002530831960799,-0.07429000230893557,0.017117117117117116,0.062499999999999986,0.007898950364703783
cvj4wq0,1,4,12,11237,6247,3,1112495,6971,0,0,0.022723222242024572,-0.19515306122448972,0.0,-0.12499999999999997,-0.05755064456721916
cvj55ja,0,5,10,12217,980,1,1111515,6138,0,0,0.06363234644277513,0.08498719590268887,0.0,-0.4375,-0.01937377690802347
cvj6zqz,0,6,29,18063,5846,0,1105669,26191,0,1,-0.10682601264277383,-0.045723186211715394,0.0,0.2125,0.0829828987945052
cvjupqz,1,7,29,54583,36520,0,1069149,6138,0,0,-0.0164566413214073,0.010927634774162242,0.03667953667953668,0.062499999999999986,0.05304001619542481
cvj7ywo,5,7,44,20354,2291,0,1103378,87807,0,0,-0.08712421489115192,-0.0348451327433628,0.0,0.0625,-0.07359511943632926
cvj8h9t,-1,8,9,21422,1068,5,1102310,6971,0,0,0.18401354482266982,0.2267219387755103,0.14671814671814673,0.0,0.08133824432166972
cvjbfxk,3,9,8,26550,5128,-1,1097182,13638,0,0,0.13608870967741934,-0.03437500000000001,0.0,-0.18749999999999997,0.12890625
cvj2rxe,-6,1,9,1652,1278,11,1122080,-57,0,0,0.4850041550200196,0.2621975806451614,0.14671814671814673,-0.36250000000000004,-0.050481394743689845
cvj2ud5,12,2,25,1938,286,-6,1121798,22438,0,0,0.10488006617038877,-0.029736997877204463,0.0,-0.17500000000000002,-0.03669515669515669
cvj33jf,-14,3,23,3035,1097,12,1120701,-57,0,0,-0.04094254904730155,-0.10854105571847511,0.0,0.012500000000000011,0.012320537623459915
cvj36v7,11,4,16,3436,401,-14,1120300,22438,0,0,0.3081058726220016,0.08979425212279546,0.0,-0.175,-0.09419515669515668
cvj3rlw,-16,5,23,6101,2665,11,1117635,-57,0,0,-0.10405615353538013,-0.10854105571847511,0.0,0.012500000000000011,0.012320537623459915
cvj43e8,4,6,12,7605,1504,-16,1116131,22438,0,0,-0.05479735318444996,-0.1352057478772045,0.0,-0.425,-0.15669515669515668
cvj45p2,-9,7,13,7896,291,4,1115840,-57,0,0,-0.036087656394372426,0.001036866359446984,0.079002079002079,-0.11249999999999999,0.06917672491442983
cvj9a0s,2,8,6,22945,15049,-9,1100791,11223,0,0,0.1966470681709836,0.026232798165137537,0.0,-0.4875,-0.1354679802955665
cvj6pyt,5,6,103,17362,11261,-16,1106374,87807,0,0,0.05733240897355216,0.09311288252381275,0.047401247401247404,0.3125,-0.0252720832492154
cvj4z4q,5,6,18,11511,5410,-16,1112225,924,0,0,0.24117706542623107,0.10433884297520665,0.06041335453100159,-0.1625,-0.015848136537791713
cvj95ht,3,0,8,22713,22713,0,1101023,5813,0,0,0.24580645161290315,-0.16470223325062047,0.0,-0.4625,0.007666666666666669
cvjvful,2,1,44,55808,33095,3,1067928,6138,0,0,0.043837625035150436,0.16114773748876243,0.04465334900117509,-0.06250000000000001,0.016989859455612877
cvkgc6n,1,2,23,108456,52648,2,1015280,5813,0,0,0.08802244039270689,-0.02407723325062036,0.0,0.03749999999999999,0.013101449275362317
cvlbpic,1,3,42,158036,49580,1,965700,6138,0,0,0.10510700082065533,0.0031690140845070545,0.04668304668304669,0.062499999999999986,0.04729288975864318
cvjaymu,3,1,49,25790,3077,3,1097946,15771,0,0,0.12661733427862457,0.26437203523831027,0.16505791505791506,0.35,0.08271193092621665
cvj4sfi,6,0,145,10740,10740,0,1112996,12196,0,0,0.029591703199633546,0.02107799551872534,0.026676026676026678,0.2625,0.010792765382014874
cvj5512,-6,1,59,12160,1420,6,1111576,6138,0,0,0.02426657279597357,0.11398990960689508,0.09336609336609338,0.062499999999999986,-0.017678861653786182
cvj5fb2,1,2,46,13262,1102,-6,1110474,12196,0,0,0.04547892088111547,-0.02344743872445086,0.0,0.1375,-0.032235720375106566
cvj5p71,-2,3,129,14231,969,1,1109505,6138,0,0,0.0006165925042904688,-0.05047337002145321,0.006846846846846848,0.062499999999999986,-0.010846645125077742
cvj83f4,1,4,87,20630,6399,-2,1103106,12196,0,0,0.09299548517961137,-0.06831079904833745,0.02185163887291547,0.2625,0.042976673427991885
cvjv6a5,1,5,115,55358,34728,1,1068378,6138,0,0,0.0005187419546965829,0.0031690140845070536,0.03184579928765976,0.1875,0.01975665787458522
cvk1mw5,1,6,227,66314,10956,1,1057422,12196,0,0,0.02698969313460782,0.005110253583241445,0.016498426136980354,0.2625,-0.004367495897037221
cvjc5rx,3,2,66,27675,15515,-6,1096061,14974,0,0,0.17162736289713335,0.07800844296758445,0.02852852852852853,0.16250000000000003,0.017250062956434137
cvjvl8v,1,3,59,56058,28383,3,1067678,6138,0,0,-0.0003370357332773926,-0.08546734955185666,0.0,0.1875,-0.017678861653786182
cvjvpuv,2,4,37,56274,216,1,1067462,14974,0,0,0.0485790946875747,0.04371905940594055,0.0,0.16250000000000003,-0.03803249232612113
cvjx0uw,1,5,116,58465,2191,2,1065271,6138,0,0,0.02108507169305323,-0.06111670020120727,0.031122031122031126,0.1875,0.009936567919562739
cvjxegp,1,6,24,59105,640,1,1064631,14974,0,0,-0.11979492449289597,-0.0666174790555979,0.0,0.03749999999999999,0.04755309325946444
cvk10uv,1,7,30,65256,6151,1,1058480,6138,0,0,-0.12991604065399912,0.050896286811779795,0.0320945945945946,-0.0625,-0.11937377690802348
cvk18aq,1,8,10,65612,356,1,1058124,14974,0,0,-0.4222142793316059,-0.1531559405940595,0.0,-0.4625,0.0808864265927978
cvj637i,5,0,76,15505,15505,0,1108231,4865,0,0,0.17043228418440642,0.16696561266847743,0.0395010395010395,0.325,-0.016194331983805668
cvjuhtc,0,1,179,54214,38709,5,1069522,6138,0,1,0.05876660486771656,0.03691901408450704,0.05160939834306669,0.1875,0.02587761974002123
cvj67y2,2,0,71,15903,15903,0,1107833,53014,0,0,0.2710718825457274,0.08175709308113492,0.025358692025358693,0.44999999999999996,0.04818800443108086
cvjun8l,1,1,0,54464,38561,2,1069272,6138,0,1,,,,-0.8125000000000001,-0.11937377690802348
cvj8ykg,2,0,65,22354,22354,0,1101382,2833,0,0,0.1805506321635354,0.1640768758945002,0.09984984984984986,0.25,-0.045258445258445246
cvjawyk,0,1,26,25714,3360,2,1098022,15771,0,0,0.006978908188585609,-0.009829092581238492,0.0,0.225,0.09134615384615385
cvjvb62,1,1,36,55590,33236,2,1068146,6138,0,1,0.007180733539549309,-0.02183098591549294,0.09336609336609338,0.062499999999999986,-0.0915959991302457
cvjk7nj,2,0,15,39231,39231,0,1084505,35,0,0,-0.06538796861377513,-0.12155172413793106,0.0,0.4875,0.025225225225225217
cvjwhzi,-1,1,4,57582,18351,2,1066158,6138,0,0,-0.5170128148475475,-0.22183098591549283,0.0,-0.8125000000000001,-0.11937377690802348
cvjeofe,1,0,67,31383,31383,0,1092357,31039,0,0,0.10671340222574958,0.049563132990204234,0.027387387387387392,0.08749999999999998,0.04035578804024771
cvjvsfh,1,1,47,56393,25010,1,1067347,6138,0,1,0.16246556538580867,0.08498719590268883,0.07607607607607608,0.062499999999999986,-0.07682058541866177
cvjwqs9,1,2,25,57987,1594,1,1065753,31039,0,1,-0.013748802877765033,0.021489176547373017,0.0,-0.16250000000000003,-0.08382331643736424
cvk09tx,1,3,29,63962,5975,1,1059778,6138,0,1,0.23382144544166264,-0.10933098591549291,0.0,0.1875,0.018557257574735142
cvk0tuy,1,4,20,64917,955,1,1058823,31039,0,0,0.02979958421900913,-0.12560134069400636,0.0,-0.03750000000000002,-0.07382331643736423
cvk89yl,1,5,58,79996,15079,1,1043744,6138,0,1,-0.04148444999771431,0.0064298836497244174,0.0453100158982512,0.1875,0.08752277481611445
cvk8rj2,1,6,80,81423,1427,1,1042317,31039,0,1,0.01165442292868656,-0.018528972272953675,0.0,0.08749999999999998,0.0011766835626357691
cvkb6wa,1,7,57,90387,8964,1,1033353,6138,0,1,-0.007674954066562747,-0.008993148077655111,0.014068863383931877,0.1875,-0.06674219796065506
cvjxm7c,1,3,51,59471,1484,1,1064269,6138,0,0,0.10917314340672199,0.0906690140845071,0.038755736868944415,0.1875,-0.0017267180844940666
cvjip1f,1,0,26,37088,37088,0,1086652,29325,0,0,0.02662721893491119,0.020844055584148237,0.03667953667953668,-0.07500000000000001,-0.06153846153846154
cvjwgwb,1,1,104,57534,20446,1,1066206,6138,0,0,0.06921547299364361,0.040669014084507016,0.05178287531228708,0.1875,0.005626223091976523
cvjrjpg,1,1,29,49577,12489,1,1074163,4898,0,0,0.07673815718107362,0.05621041520056297,0.07335907335907337,0.1375,0.034625249358791674
