comment_id,score,depth,length,time_since_submission,time_since_parent,parent_score,age,karma,submission_score,urls,alignment_content,alignment_syntax_3,alignment_syntax_4,alignment_features_binary,alignment_features_frequency
cvjkh3k,7,0,26,12207,12207,0,1083895,33822,0,0,0.2784592324543898,-0.025809581564584627,0.042075163398692814,-0.06250000000000001,0.02459445316588174
cvjm2f5,0,1,3,14439,2232,7,1081663,167464,0,0,0.6472457627118644,-0.10375789823744595,,-0.1375,-0.11458333333333333
cvjc309,3,0,34,164,164,0,1095938,23317,0,0,0.24442041359218555,-0.005319168602609063,0.0,0.23750000000000002,-0.04762216690685182
cvjmqxm,3,0,91,15385,15385,0,1080717,299,0,4,0.02074373071190405,-0.01114099189521117,0.020608243297318925,0.024999999999999994,0.006336689431810177
cvjnq53,-1,1,90,16744,1359,3,1079358,167464,0,0,0.16927966101694916,0.008564143981503465,0.019419306184012067,0.6125,-0.014583333333333323
cvjzeze,2,2,25,35118,18374,-1,1060984,10886,0,0,0.21242937853107355,-0.02643011268280987,0.042075163398692814,0.11249999999999999,-0.009166666666666684
cvkh45g,1,3,25,82524,47406,2,1013578,167464,0,0,0.0949293785310735,0.14366478217492515,0.1211764705882353,0.36249999999999993,-0.07458333333333333
cvkhrh4,2,4,15,83677,1153,1,1012425,10886,0,0,-0.10621468926553672,0.17370734436186355,0.07212885154061624,-0.012500000000000011,0.004166666666666652
cvkjqhp,1,5,21,86862,3185,2,1009240,167464,0,0,0.04030468119451171,0.09118118329957371,0.096171802054155,0.23749999999999996,0.02827380952380952
cvjolaq,3,2,44,17948,1204,-1,1078154,299,0,0,0.08997957960876989,0.077487774200418,0.042075163398692814,0.024999999999999994,0.022570455665576417
cvjp4fx,0,3,27,18702,754,3,1077400,167464,0,1,0.1161723163841808,0.1259917335740415,0.074800290486565,0.36249999999999993,0.07060185185185185
cvjj12b,3,0,56,10170,10170,0,1085932,4865,0,0,0.06818872474537062,0.12410271919447087,0.08415032679738561,0.325,-0.03217177559282822
cvjz320,1,1,34,34556,24386,3,1061546,56544,0,0,0.20892960217093087,0.07580964281995206,0.03155637254901961,0.16249999999999998,0.03494029190623618
cvjzwof,1,2,93,35947,1391,1,1060155,4865,0,0,0.024136549473949814,0.06328811720021704,0.030600118835412953,0.325,-0.03543598450219841
cvjdac1,2,0,23,1967,1967,0,1094135,1962,0,0,0.01864973640950064,-0.055976483252598026,0.0,0.275,-0.06856187290969899
cvjcg36,0,0,63,720,720,0,1095382,33,0,0,-0.052437924322271276,-0.020303455834503565,0.10244387610116511,0.4375,-0.007703081232492998
cvjcr82,0,1,21,1185,465,0,1094920,167464,0,0,0.04030468119451171,0.04940852297021236,0.0,0.6125,0.02827380952380952
cvjdhm1,1,2,24,2267,1082,0,1093838,33,0,0,-0.10933865071452309,0.06923999040997364,0.1211764705882353,0.3125,0.06372549019607843
cvjdati,0,0,21,1986,1986,0,1094119,787,0,0,-0.09483454398708636,-0.14699035583638176,0.0,0.3125,-0.04000780640124904
cvjeyea,-2,1,6,4392,2406,0,1091713,167464,0,0,-0.149364406779661,-0.10375789823744594,0.0,0.23750000000000002,0.21875
cvjf1d6,2,2,10,4509,117,-2,1091596,787,0,0,0.07966101694915258,-0.012969737279680711,0.0,-0.3125,-0.13524590163934427
cvjf6go,-2,3,32,4710,201,2,1091395,167464,0,0,-0.1659604519774011,-0.04068937185782194,0.0,0.23749999999999996,0.010416666666666671
cvjfd4f,2,4,8,4971,261,-2,1091134,508,0,0,0.6321531919919684,0.46646137367786855,0.3366013071895425,-0.3125,0.020470383275261322
cvjff7v,-1,5,8,5052,81,2,1091053,167464,0,0,-0.21574858757062143,-0.10375789823744595,0.0,-0.012499999999999997,0.13541666666666669
cvjci8w,-1,0,27,813,813,0,1095292,-65,0,0,0.5266478342749528,0.5314819849020304,0.46883753501400555,-0.03749999999999999,-0.042175925925925936
cvjcpet,2,1,11,1111,298,-1,1094998,167464,0,0,-0.12522470467385724,-0.10375789823744594,0.0,0.11249999999999999,-0.023674242424242417
cvjde7w,-4,2,29,2126,1015,2,1093983,-65,0,0,-0.0288427819988311,0.04131536219409611,0.0673202614379085,-0.03749999999999999,-0.012801724137931042
cvjdqqp,1,3,3,2632,506,-4,1093477,20459,0,0,-0.38429435312153987,-0.06155970995905884,,-0.5625,-0.15577889447236182
cvjexo9,3,3,69,4362,2236,-4,1091747,167464,0,0,0.06999201670351266,0.04112925695898759,0.05533172172978781,0.48749999999999993,0.04483695652173912
cvjfsz4,-2,4,188,5597,1235,3,1090512,-65,0,0,0.13305084745762716,0.04870265591973953,0.044332855093256816,0.2125,0.006090425531914884
cvjfxhv,1,5,17,5774,177,-2,1090335,167464,0,0,0.24113077434363578,-0.04068937185782194,0.0,0.36249999999999993,0.0618872549019608
cvjgo9u,3,5,8,6821,1224,-2,1089288,1165,0,0,-0.02030574941841144,-0.026321166527352047,0.0,-0.6375,0.0014705882352941124
cvjh975,-5,6,10,7651,830,3,1088463,-65,0,0,0.11949152542372886,-0.09702850212249846,0.0,-0.28749999999999987,0.08375
cvjiwfo,1,7,34,9988,2337,-5,1086126,1165,0,0,-0.09059488202060485,-0.10238692300547983,0.0,-0.012500000000000011,-0.03529411764705882
cvjjeo5,-2,8,55,10707,719,1,1085407,-65,0,0,-0.010862865947611725,-0.06299151963190776,0.016287160025300444,0.08750000000000001,0.04738636363636363
cvjqeti,2,9,73,20508,9801,-2,1075606,1165,0,0,-0.06941185575693012,-0.009139035943159637,0.05245734657499363,0.11249999999999999,0.05455278001611602
cvk4pp1,1,7,18,44438,36787,-5,1051676,344,0,0,0.03726831202299535,0.06814250703825979,0.0,0.024999999999999994,0.04166666666666666
cvksoe7,1,9,116,99791,23309,0,996326,344,0,0,-0.0893957570724005,-0.019022047931441948,0.0,0.275,-0.030172413793103453
cvjeqgk,2,3,4,4072,1946,-4,1092045,3598,0,0,-0.43226908422020766,-0.126282707554582,0.0,-0.525,-0.13953488372093023
cvjkk9a,3,2,29,12328,11217,2,1083794,33822,0,0,-0.011025099695050443,0.022437841115827764,0.0,-0.06250000000000001,-0.02580342481820315
cvjm1yb,0,3,2,14421,2093,3,1081701,167464,0,0,-0.4149011299435028,,,-0.3875,-0.11458333333333333
cvjmaym,-1,4,6,14778,357,0,1081344,33822,0,0,-0.13005880318228988,-0.11158277744087328,0.0,-0.5625,-0.1292517006802721
cvjmg39,1,4,28,14971,550,0,1081151,117,0,0,-0.06358301810379736,-0.08288369308572778,0.03366013071895425,0.175,-0.085155058464667
cvjne83,1,5,48,16285,1314,1,1079840,167464,0,0,0.18255649717514125,0.17945548437294115,0.1165158371040724,0.36249999999999993,0.07291666666666667
cvjo944,1,6,41,17481,1196,1,1078644,117,0,0,-0.13019850266057995,-0.08898709886440098,0.0,0.3,-0.08341289818592136
cvjp3h5,1,7,210,18664,1183,1,1077461,167464,0,1,0.07823849878934626,0.08030475385759407,0.06528904665314403,0.6125,0.02827380952380952
cvjjo97,-1,0,56,11083,11083,0,1085042,23034,0,0,0.7362998275878315,0.44914298743389464,0.4621136590229312,0.04999999999999999,0.037798777098387984
cvjjpwx,4,1,10,11148,65,-1,1084977,167464,0,0,-0.09625706214689261,0.25363041791375673,0.25245098039215685,0.23749999999999996,0.08541666666666668
cvjm9d8,0,2,33,14714,3566,4,1081411,117,0,0,-0.2291124039721664,-0.09410076316545157,0.028050108932461872,0.175,-0.06567453898414752
cvjnl9w,1,3,116,16556,1842,0,1079569,167464,0,0,-0.07153467757646598,0.05508135338531081,0.03767925080479953,0.48749999999999993,-0.019755747126436782
cvjolb4,1,4,198,17949,1393,1,1078176,117,0,0,-0.156693297654755,-0.025643164072638912,0.017715858273133815,0.425,-0.07577554908515761
cvjphdk,1,5,168,19209,1260,1,1076916,167464,0,0,-0.016596045197740113,0.002897253702965335,0.02125902992776058,0.6125,0.010416666666666671
cvjswd7,1,6,89,24266,5057,1,1071859,117,0,0,-0.08915637828009032,-0.016733835633375403,0.009900038446751249,0.425,-0.010516214162901355
cvkhl6i,1,7,16,83379,59113,1,1012746,167464,0,0,-0.21574858757062143,-0.10375789823744595,0.0,0.36250000000000004,-0.05208333333333333
cvjr4lu,1,6,71,21562,2353,1,1074563,31982,0,1,0.13135321478030493,-0.008612532668385476,0.013832930432446952,0.075,0.014871940577180665
cvjrh3z,1,7,56,22079,517,1,1074046,167464,0,0,-0.016596045197740054,-0.022533280930354425,0.0,0.6125,0.010416666666666671
cvjsq69,1,8,93,23995,1916,1,1072130,31982,0,0,0.04352462120316871,0.04878507112097088,0.058823529411764705,0.075,0.03198537386508013
cvkhn6w,1,9,116,83475,59480,1,1012650,167464,0,0,-0.1127386518605104,-0.03483300869399972,0.02179432924248836,0.6125,0.00610632183908047
cvkhw3i,1,10,119,83894,419,1,1012231,31982,0,0,-0.0768270733292096,0.029296298348763586,0.013928329952670723,0.075,-0.03921730075315427
cvkjxe1,1,11,155,87155,3261,1,1008970,167464,0,0,-0.11681474394022233,0.0034585966079148573,0.01014878313134299,0.6125,-0.03071236559139784
cvkl1rs,1,12,256,88761,1606,1,1007364,31982,0,1,-0.048690500903629176,0.038475792770455465,0.04999029314696176,0.075,-0.058026386887608056
cvklvgy,1,13,25,89956,1195,1,1006169,167464,0,0,-0.15998587570621464,-0.07397553855817907,0.0,0.48749999999999993,-0.07458333333333333
cvjk2hl,1,2,29,11639,491,4,1084486,23034,0,0,0.20261025590877982,0.05025151198771361,0.0673202614379085,0.04999999999999999,0.06735542734469342
cvjm4jf,2,3,38,14523,2884,1,1081602,167464,0,0,0.04629423134106453,0.04584651317468542,0.02404295051353875,0.48749999999999993,-0.009320175438596492
cvjmiod,0,4,58,15069,546,2,1081056,23034,0,0,0.0377943587726021,-0.007214400882256449,0.015778186274509803,-0.07500000000000001,-0.0016100898966859012
cvjnbyi,2,5,57,16196,1127,0,1079929,167464,0,0,0.03231861433244127,-0.015875525413379724,0.016830065359477123,0.6125,0.043311403508771926
cvjnor7,0,6,20,16691,495,2,1079434,23034,0,0,0.07625140143771027,-0.07162284467214355,0.0,-0.07500000000000001,0.09494163424124515
cvjnsj6,2,7,31,16839,148,0,1079286,167464,0,0,-0.10653590304355745,-0.03877820439177273,0.0,0.48750000000000004,0.014448924731182797
cvjo3ur,0,8,50,17282,443,2,1078843,23034,0,0,-0.05120622568093383,-0.06419659394692373,0.0,0.04999999999999999,0.03494163424124515
cvjozd5,2,9,79,18501,1219,0,1077624,167464,0,0,-0.051888900808124125,-0.057142030913376045,0.0,0.48749999999999993,0.037315400843881866
cvjpdld,1,10,83,19061,560,2,1077064,23034,0,0,-0.03700161061048255,-0.022162854490503876,0.01062951496388029,-0.07500000000000001,0.03951994749425718
cvjpj5h,1,11,82,19280,219,1,1076845,167464,0,0,-0.026310803362270898,0.16162946524116995,0.09088235294117648,0.48749999999999993,-0.029217479674796737
cvjpu0s,1,12,142,19705,425,1,1076420,23034,0,0,-0.020239407824643566,0.06992616335010352,0.06691471769430665,-0.07500000000000001,0.007617690579273306
cvjrcwq,1,13,230,21910,2205,1,1074215,167464,0,0,0.028429746990911366,0.04829458536142939,0.0294833261771862,0.6125,-0.023278985507246372
cvjs6vq,1,14,141,23164,1254,1,1072961,23034,0,0,0.11805931104223003,0.07465265369999637,0.031166787702735416,0.04999999999999999,0.001324612964649391
cvkjixa,1,15,200,86533,63369,1,1009592,167464,0,1,0.09492937853107349,0.05773975090200967,0.04667160982039875,0.6125,-0.024583333333333332
