comment_id,score,depth,length,time_since_submission,time_since_parent,parent_score,age,karma,submission_score,urls,alignment_content,alignment_syntax_3,alignment_syntax_4,alignment_features_binary,alignment_features_frequency
cvjjke5,2,0,44,7441,7441,1,1085117,23034,1,0,0.2695717598441335,0.3978823440908753,0.2633928571428571,-0.07500000000000001,0.07675981605942696
cvjjuub,1,1,27,7853,412,2,1084705,10637,1,0,0.23511972387228008,0.29083904109589026,0.1816502463054187,0.012500000000000004,0.11179277436946147
cvjk1fx,2,2,32,8110,257,1,1084448,23034,1,0,0.29730444382681753,-0.0603692898960532,0.0,-0.07500000000000001,0.019941634241245135
cvjmzl0,1,3,56,12225,4115,2,1080333,10637,1,0,0.057571852872028234,0.24069255672089043,0.15051020408163265,0.38749999999999996,0.05028483786152499
cvjnqf9,2,4,100,13268,1043,1,1079290,23034,1,0,0.0979988882712618,0.22043335195714805,0.14110331632653061,0.04999999999999999,0.04494163424124513
cvjnvl4,1,5,40,13469,201,2,1079089,10637,1,0,0.18540631999220947,0.17915749347684282,0.1284843205574913,0.1375,0.014570552147239263
cvjo351,1,6,43,13765,296,1,1078793,23034,1,0,0.1766995158090987,0.13325816108433888,0.06321428571428571,0.04999999999999999,-0.012035109944801378
cvjooni,1,7,25,14595,830,1,1077963,10637,1,2,-0.08304606096017147,0.1171121892440385,0.2026098901098901,0.1375,0.009570552147239259
cvjpeab,1,8,25,15602,1007,1,1076956,23034,1,0,0.16307825335062692,0.11443327001680084,0.08104395604395603,-0.325,0.05494163424124514
cvjpv9f,1,9,82,16263,661,1,1076295,10637,1,0,0.08520790729379688,0.06747594585779518,0.04052197802197802,0.38749999999999996,-0.000673350291785127
cvjq407,1,10,14,16600,337,1,1075958,23034,1,1,-0.03680836796456587,0.32342797901150944,0.2431318681318681,-0.2,-0.03362979433018344
cvjqx0q,1,11,62,17758,1158,1,1074800,10637,1,1,-0.03896003945479512,0.04754193964661507,0.030987394957983194,0.38749999999999996,0.03473184246981992
cvjs7ht,1,12,29,19702,1944,1,1072856,23034,1,0,0.055360683564091635,0.06442965311865267,0.03398617511520737,-0.07500000000000001,0.032872668724003754
cvjtocb,1,13,176,22006,2304,1,1070552,10637,1,0,-0.040152843066953534,0.09009724816659742,0.06952501812907905,0.38749999999999996,0.008888733965421086
cvjty1p,1,14,57,22439,433,1,1070119,23034,1,0,0.12425898295240914,-0.06622495877650864,0.0,-0.07500000000000001,0.000204792135981971
cvjuv3b,1,15,239,23959,1520,1,1068599,10637,1,1,-0.11735568439113368,0.048622059963814954,0.0678436147186147,0.38749999999999996,0.03601406679159072
cvjsmwo,1,0,48,20367,20367,1,1072191,695,1,0,0.013852944559466295,0.17817671621207481,0.14460784313725492,0.31250000000000006,0.015398550724637694
cvjvr62,1,0,55,25456,25456,1,1067102,10637,1,0,-0.07712975504386549,0.12625570776255718,0.05357142857142857,0.26249999999999996,0.07138873396542109
cvjex6d,1,0,125,853,853,1,1091705,28884,1,0,0.14712719904209273,-0.004442230537399248,0.07746848739495799,0.0625,0.05607736943907156
cvjf702,1,1,104,1243,390,1,1091315,10637,1,0,0.08215540424129388,0.09249502400187325,0.08174261083743842,0.38749999999999996,-0.014275601698914578
cvjgyj2,2,1,50,3737,2884,1,1088821,133804,1,0,0.059018965752490084,0.13679929123711332,0.17240259740259742,0.2625,0.03398280802292265
cvjh7q4,1,2,77,4103,366,2,1088455,28884,1,0,-0.06653596319249817,-0.0770588342044135,0.03808089500860585,0.0625,0.0489085382702404
