comment_id,score,depth,length,time_since_submission,time_since_parent,parent_score,age,karma,submission_score,urls,alignment_content,alignment_syntax_3,alignment_syntax_4,alignment_features_binary,alignment_features_frequency
cvjf1zo,8,0,75,566,566,10,1091492,23317,10,0,0.41465819104182117,0.34952546178181476,0.4250311998573721,0.11250000000000002,-0.029190794357832214
cvjgvge,2,1,55,3134,2568,8,1088927,10663,10,0,0.15598277909738717,-0.04691809032627772,0.03556934829314872,0.03749999999999999,-0.05635931764197796
cvjnygv,2,2,105,13098,9964,2,1078967,23317,10,0,0.066324857708488,0.018810290223319214,0.08968339954255447,0.23750000000000002,0.04509491992788206
cvjoruo,1,3,68,14239,1141,2,1077826,10663,10,0,0.2945244457640539,0.23543743593168748,0.12936523249083542,0.1625,-0.0002095850216571049
cvjpmit,2,0,86,15438,15438,10,1076627,33149,10,0,0.22947082256675277,0.09729312409403164,0.11045218680504078,0.17499999999999996,-0.006426244242219978
cvjqv6p,1,1,164,17203,1765,2,1074862,10663,10,0,0.18470483194291565,0.02500185964245272,0.05217492802116567,0.1625,-0.019219628063263994
cvjs0qf,2,2,34,18941,1738,1,1073124,33149,10,0,-0.1050381263616558,-0.09359898752978736,0.029147104851330208,0.17499999999999996,-0.03447001989201477
cvjzwn1,1,3,8,31978,13037,2,1060087,10663,10,0,0.12134736243072054,0.15633394219404764,0.11658841940532083,-0.4625,-0.14726840855106887
cvjslkl,2,0,31,19828,19828,10,1072237,5178,10,0,-0.029793906810035835,-0.009158391979176724,0.07236522583778533,0.1875,-0.04731182795698925
cvjzw89,2,1,60,31956,12128,2,1060114,10663,10,0,-0.005649165347057275,0.008900378306169807,0.04769526248399488,0.1625,-0.013935075217735543
cvkfgsj,2,2,120,75275,43319,2,1016795,5178,10,0,0.04133904569892474,0.047266799138406146,0.11045218680504076,0.3125,0.029838709677419348
cvkfx3o,1,3,49,76258,983,2,1015812,10663,10,0,0.28038754100214913,0.08913633144242977,0.043720657276995305,0.1625,-0.004411265693926025
cvl15i0,1,4,86,108217,31959,1,983853,5178,10,0,-0.013164749520713514,0.08699545417466945,0.08149870094352524,0.3125,-0.007176794198549635
cvjg4xf,3,0,12,2096,2096,10,1089974,16459,10,0,-0.014958817829457354,-0.17658095132987528,0.0,-0.4125,-0.12292358803986711
cvjgqff,0,1,69,2938,842,3,1089132,10663,10,0,0.1640141800635707,-0.049057585405439016,0.04197183098591549,0.1625,-0.03132637956556163
cvjmwxq,1,2,109,11645,8707,0,1080425,16459,10,0,0.1343865567882797,0.08986709130181154,0.08003103365958462,0.2125,-0.022006156847206554
cvjhbbq,2,0,38,3768,3768,10,1088302,19379,10,0,0.26232741617357,-0.046652141459379834,0.027613046701260194,0.14999999999999997,0.05107443164123324
cvjetyf,-2,0,44,248,248,10,1091822,44810,10,0,-0.047792376893939406,0.02447181662452076,0.04663536776212832,0.175,-0.007305194805194801
cvjgnc0,0,1,11,2817,2569,-2,1089253,10663,10,0,-0.020342978478370362,-0.0986549713314514,0.0,-0.3375,0.03454977326711295
cvjymal,0,2,35,29797,26980,0,1062273,44810,10,0,-0.05319010416666667,0.10121457489878548,0.14179672630376858,0.30000000000000004,0.07321428571428572
cvjztiw,1,3,36,31827,2030,0,1060243,10663,10,0,0.37149203835664646,0.2718666764687587,0.17015607156452228,0.03749999999999999,0.019398258115597783
cvjzvnh,1,4,44,31927,100,1,1060143,44810,10,0,0.07815459280303029,0.050982951301084864,0.06995305164319249,0.30000000000000004,-0.030032467532467536
cvk01pt,1,5,25,32221,294,1,1059849,10663,10,0,0.2668161124307204,0.42126245354812625,0.18737424547283701,-0.21250000000000002,-0.06726840855106887
cvjj20v,2,1,76,6238,5990,-2,1085832,12751,10,0,0.24881359149582383,0.07238517456693494,0.024689312344656173,0.17500000000000002,-0.01774367581824722
cvjf5vb,5,1,47,720,472,-2,1091350,627,10,0,-0.027191461162105315,0.0013570868773091899,0.04114885390776028,0.024999999999999994,-0.0029609576583054797
