comment_id,score,depth,length,time_since_submission,time_since_parent,parent_score,age,karma,submission_score,urls,alignment_content,alignment_syntax_3,alignment_syntax_4,alignment_features_binary,alignment_features_frequency
cvjpwo5,16,0,434,1764,1764,0,1076051,20209,0,1,0.4853065304782653,0.31398274285749456,0.36554725578573893,0.09999999999999999,-0.01050756610125178
cvjqcv5,-4,1,136,2388,624,16,1075427,2306,0,0,0.4592653347868016,0.053331954763333835,0.12775804788635584,0.17499999999999996,0.007513661202185787
cvjqxgd,5,2,240,3222,834,-4,1074597,20209,0,0,0.26711378353376514,0.1035842522743682,0.08447294547889465,0.09999999999999999,-0.02101063829787235
cvjouv2,8,0,43,279,279,0,1077540,3579,0,0,0.5886531507600551,0.16513829866547383,0.07106745630507005,0.15000000000000002,-0.003905830078474934
cvjpo3j,-2,1,19,1424,1145,8,1076398,2306,0,0,1.0214624676445203,0.26032053147100215,0.24215577703949798,-0.07500000000000002,-0.0648547598504458
cvjq15y,5,2,41,1936,512,-2,1075886,16531,0,0,0.2527906457554279,-0.0726358395682571,0.02476593174267593,0.36250000000000004,-0.034017971758664944
cvjqv4p,-1,3,101,3126,1190,5,1074696,2306,0,0,0.23192081325024888,-0.0017952285510486206,0.0726467331118494,0.17499999999999996,0.0013255423903045932
cvjp2vx,-5,1,40,597,318,8,1077225,444,0,0,0.22626767300946102,0.12405646151343858,0.08172757475083055,0.16249999999999998,-0.003361858190709055
cvjpwzh,-2,2,72,1777,1180,-5,1076045,2306,0,1,0.7036707056307917,0.09572177221544888,0.0726467331118494,0.049999999999999975,0.021402550091074682
cvjq4es,8,3,37,2060,283,-2,1075762,915,0,0,0.29180700258204967,-0.040611282657444916,0.0,0.09999999999999999,0.008044834131790662
cvjr9wx,1,4,49,3743,1683,8,1074079,2306,0,0,-0.04422192968420441,-0.1638378096875391,0.04273337241873494,0.17499999999999996,-0.05626184900189585
cvjtpm0,3,5,176,7508,3765,1,1070314,915,0,0,0.15266922349861867,-0.01077775754237589,0.07416813066393001,0.22499999999999998,-0.013453937366980848
cvjpjxk,6,2,4,1266,669,-5,1076556,8296,0,0,-0.27030892448512583,0.019537622790594122,0.0,-0.7250000000000001,-0.11961722488038277
cvjrtvs,1,3,28,4574,3308,6,1073252,444,0,1,-0.23491245121414162,0.07250341025459277,0.11675367821547222,0.03749999999999998,0.014495284666433794
cvl39nt,1,4,47,97824,93250,1,980002,9390,0,0,0.007353288722931715,0.1445237011017444,0.10897009966777409,0.46249999999999997,0.038825904643578185
cvjp0sc,8,0,62,517,517,0,1077309,40415,0,0,0.6835102000168352,0.5794647271233296,0.5959302325581395,-0.06250000000000001,0.0522455212281515
cvjpqq3,-2,1,45,1530,1013,8,1076296,2306,0,0,0.6438880969351393,0.1202364810407442,0.09475660840676008,0.049999999999999975,0.01584699453551912
cvjpuld,3,2,58,1684,154,-2,1076142,40415,0,0,0.3854616436498574,0.08870719568138781,0.09234754209133399,0.062499999999999986,0.028886233130264963
cvjq1u9,-2,3,76,1962,278,3,1075864,2306,0,0,0.5683732227932627,-0.11865807520519846,0.02690619744883311,0.17499999999999996,0.02725050330744895
cvjq9vq,4,4,87,2272,310,-2,1075554,40415,0,0,0.10097888502916749,-0.0554240656841272,0.035924208681683764,0.062499999999999986,0.12084025611877071
cvjqzpn,-1,5,56,3313,1041,4,1074513,2306,0,0,0.5157825068730275,-0.008713302622557319,0.05735268403567057,0.17499999999999996,0.04322794691647151
cvk8iy9,3,4,29,35276,33314,-2,1042550,64276,0,0,0.48906965436200844,-0.1921345824885081,0.0,0.11250000000000002,0.020813917365641504
cvjyltd,5,2,8,15700,14170,-2,1062130,13532,0,0,0.5706521739130438,0.1779369345745377,0.31134314190792595,-0.36250000000000004,-0.10416666666666667
cvk5fd5,1,3,12,27781,12081,5,1050049,2306,0,2,0.2851924447612259,-0.22798912098713936,0.0,-0.2,-0.034153005464480884
cvkcc3n,4,4,15,50269,22488,1,1027561,18709,0,0,0.4772848269742683,0.034327176050930774,0.0,-0.23749999999999996,-0.14489795918367346
cvkva5j,0,5,8,85370,35101,4,992460,2306,0,0,0.8232359230220953,0.02517944682021203,0.0,-0.2,0.007513661202185787
cvjp1ko,6,0,83,548,548,0,1077282,18833,0,1,0.7982979673505141,0.3605496631312122,0.452109987983318,0.575,-0.006320363420896702
cvjpt3d,-2,1,34,1624,1076,6,1076206,2306,0,0,0.7915863066538094,-0.019497359263438374,0.062268628381585193,0.049999999999999975,-0.05866280938604951
cvjq67m,5,2,7,2132,508,-2,1075698,18833,0,0,-0.3981773750127278,-0.14147655259822559,0.0,0.075,0.02810304449648711
cvjr5b3,-2,3,74,3547,1415,5,1074283,2306,0,0,0.11069185721716006,-0.17406883778273363,0.012670941821834196,0.17499999999999996,-0.009378230689706099
cvk4su7,2,0,81,26560,26560,0,1051270,17829,0,0,0.30042270531400955,0.08059306788261439,0.10433307414999647,0.375,0.04587542087542086
cvk5ckb,1,1,49,27626,1066,2,1050204,2306,0,0,0.4828410694284837,-0.03789369118023554,0.08717607973421927,0.17499999999999996,0.004962640794022519
cvk7cxk,1,2,113,32125,4499,1,1045705,17829,0,0,0.14782127741439008,-0.04445838683127357,0.029058693244739756,0.375,-0.0049275945293644485
cvk7s7w,1,3,111,33219,1094,1,1044611,2306,0,0,0.2948869218470072,0.06722820548717691,0.09234754209133399,0.17499999999999996,-0.009378230689706099
cvkds8m,1,4,108,56704,23485,1,1021126,17829,0,0,0.32699275362318847,-0.025642877074190194,0.027941051196865147,0.375,0.018097643097643085
cvkv52u,1,5,73,85174,28470,1,992656,2306,0,0,0.44734253410011776,0.00455938247391172,0.11321568796651853,0.17499999999999996,-0.03529455797589641
cvl7r37,1,6,237,105800,20626,1,972030,17829,0,0,0.2805792515134837,0.07766152793674908,0.08781473233300477,0.375,0.09182009973149212
