comment_id,score,depth,length,time_since_submission,time_since_parent,parent_score,age,karma,submission_score,urls,alignment_content,alignment_syntax_3,alignment_syntax_4,alignment_features_binary,alignment_features_frequency
cvk20vp,11,0,228,4560,4560,11,1056242,133804,11,0,0.05712722154435321,0.11363160438144333,0.04583748527946372,0.2625,0.0299477203036244
cvk295g,12,0,189,4952,4952,11,1055850,18457,11,0,0.17770474782669904,-0.017889836524134856,0.00489431124982267,0.47500000000000003,0.009065685894954184
cvkf1jt,2,1,10,43246,38294,12,1017556,89,11,0,0.06172051089406464,-0.09295963035019456,0.0,-0.1375,0.004958677685950416
cvko2mh,1,2,9,58053,14807,2,1002749,8,11,0,-0.06297941824257615,-0.08583011168384878,0.0,-0.2875,-0.01670843776106934
cvld4bt,-1,3,34,98139,40086,1,962666,89,11,0,0.011987890573208967,0.18628144107837682,0.15258735072976556,0.2375,-0.006806028196402525
cvleog5,2,4,62,101749,3610,-1,959056,8,11,0,-0.12611073137388928,0.09515947164948453,0.029227999576405803,0.2125,-0.014916323065728834
cvkhjo2,3,0,19,48278,48278,11,1012527,1234,11,0,-0.017205741626794228,0.13988594431398868,0.14822771213748656,-0.024999999999999994,-0.01473684210526316
cvjznkk,9,0,66,491,491,11,1060314,3661,11,0,0.4112657677250979,0.1280157191042749,0.043233082706766915,0.17500000000000004,0.03907496012759171
cvjzud4,15,1,28,808,317,9,1059997,23622,11,0,0.1141694126768752,0.0417668269230769,0.03577910292973814,-1.3877787807814457e-17,-0.0420042643923241
cvk30av,-6,2,14,6281,5473,15,1054524,33822,11,0,0.033549783549783586,0.001433175433634989,0.0,-0.3125,-0.05782312925170069
cvk38hb,10,3,7,6695,414,-6,1054110,23622,11,6,-0.1877786392711767,-0.1392227564102564,0.0,-0.625,-0.11343283582089553
cvk3h9h,-1,4,39,7128,433,10,1053677,33822,11,0,-0.007742257742257799,-0.05077535822021118,0.0,0.062499999999999986,-0.0010465724751439198
cvk3q0j,9,5,44,7565,437,-1,1053240,23622,11,0,0.02724497347970887,0.07796474358974359,0.0,-1.3877787807814457e-17,0.022930800542740826
cvk3y6u,-2,6,104,7976,411,9,1052829,33822,11,1,0.023871961371961358,0.012936750645499385,0.0,0.062499999999999986,0.005363683935112495
cvk471b,10,7,47,8437,461,-2,1052368,23622,11,0,-0.0892707641675568,-0.04226405105311361,0.0,-1.3877787807814457e-17,-0.04960304858685298
cvk4m9n,-2,8,105,9230,793,10,1051575,33822,11,1,0.03354978354978355,-0.023874690032466703,0.0,0.062499999999999986,-0.02448979591836735
cvk51ng,3,9,249,10045,815,-2,1050760,23622,11,0,0.024029632778059324,-0.043629666621524,0.0036664098408565582,0.12499999999999999,0.015081220404004059
cvk58qp,0,10,41,10431,386,3,1050374,33822,11,0,0.043369232393622635,0.13717536293363491,0.024130092673544323,0.062499999999999986,0.017089762734362024
cvk5rcb,3,11,62,11476,1045,0,1049329,23622,11,0,-0.025440976933514214,0.03928751756234632,0.043233082706766915,0.12499999999999999,-0.0005296100144439181
cvkhxdo,1,6,26,48923,41358,9,1011882,47477,11,0,0.3859078664526137,-0.11676747311827951,0.0,0.11250000000000003,-0.001346902125112237
cvkh3ok,1,4,39,47473,40778,10,1013332,11348,11,0,0.1954319520502269,-0.01756097913137225,0.0,0.09999999999999998,-0.03663316472880948
cvk3ct8,3,4,15,6913,218,10,1053892,18457,11,0,0.06587213599408726,0.12546231067277208,0.06484962406015038,0.35000000000000003,0.04186991869918699
cvk44hy,2,5,36,8303,1390,3,1052502,16459,11,0,-0.09414745461257089,-0.018783746108918205,0.0,-0.16250000000000003,-0.06736803248431156
cvkgi0j,1,6,4,46349,38046,2,1014456,11348,11,0,-0.38265662603835104,-0.14383278145695355,0.0,-0.7749999999999999,-0.13919726729291204
cvlx291,1,5,12,148031,141118,3,912774,35798,11,0,-0.16608872227428934,-0.04927884615384615,0.0,-0.3625,-0.04243986254295533
cvk421q,6,3,22,8175,1894,-6,1052630,23622,11,5,0.05926976686813863,-0.0447934085841693,0.0,-1.3877787807814457e-17,-0.022523744911804616
cvkh1b4,0,4,149,47352,39177,6,1013453,11348,11,0,0.061821714413143804,0.014930010940707186,0.01831048208757187,0.22499999999999998,-0.0049690793734489536
cvk00zc,0,2,34,1127,319,15,1059678,3661,11,0,0.22288463014609944,0.06146583626361163,0.0,-0.325,0.09344216155361665
cvk0ifq,15,3,30,1949,822,0,1058856,23622,11,1,0.08061962912709184,0.1410191790736146,0.10375939849624059,0.12499999999999999,0.019900497512437804
cvk0ps8,-6,4,34,2302,353,15,1058503,3661,11,0,0.13999692961134003,-0.05570110452586209,0.0,0.05,-0.05361666197579511
cvk1s17,7,5,25,4138,1836,-6,1056667,44810,11,0,0.08580357142857145,-0.0974559294871795,0.0,0.175,-0.05821428571428571
cvk21ca,-6,6,76,4583,445,7,1056222,3661,11,0,0.1061874728142671,0.03642055979998062,0.04716336295283663,0.17500000000000004,0.03229665071770335
cvk1b2n,13,5,88,3324,1022,-6,1057481,23622,11,0,0.07528216356235352,-0.055689102564102616,0.010073728009343749,0.12499999999999999,-0.04525101763907735
cvk1jp3,-2,6,108,3743,419,13,1057062,3661,11,0,0.00799059172264908,-0.0330417787384605,0.0,0.17500000000000004,-0.047625376572745
cvk1s1p,6,7,137,4139,396,-2,1056666,23622,11,0,0.12518941457278968,-0.025965471134182797,0.006404901141743247,0.12499999999999999,-0.018542324871990423
cvk24wx,-7,8,82,4754,615,6,1056051,3661,11,0,0.0894556487974623,0.02977615413750425,0.0,0.17500000000000004,-0.0026840938265842024
cvk2bj5,4,9,55,5066,312,-7,1055739,18457,11,0,0.13419169522273738,-0.02145864520958085,0.0,0.35000000000000003,0.03580931263858092
cvk2i1v,-2,10,33,5379,313,4,1055426,3661,11,0,0.2404668696534727,0.04969871165060851,0.0,-0.075,-0.0215311004784689
cvk2jdz,0,11,24,5447,68,-2,1055358,18457,11,0,0.1832963784183296,0.17401010479041915,0.043233082706766915,0.1,0.03353658536585366
cvk2m36,-4,12,7,5578,131,0,1055227,3661,11,0,0.447865531597589,-0.10999797952586206,0.0,-0.8250000000000002,-0.11244019138755981
cvk28iw,6,9,79,4924,170,-7,1055881,23622,11,0,0.16385706679490927,-0.027270436822627583,0.0,0.12499999999999999,0.0637823540525222
cvk2gia,-1,10,126,5307,383,6,1055498,3661,11,0,0.24656683029888754,0.0009737358026050707,0.007629367536488279,0.17500000000000004,0.06216298321561478
cvk34hq,3,11,105,6491,1184,-1,1054314,23622,11,4,0.21481876332622604,-0.027844551282051287,0.01788955146486907,0.12499999999999999,0.048471926083866385
cvk39rj,0,12,80,6758,267,3,1054047,3661,11,1,0.030170726402783794,0.013404009110501552,0.011926367643246045,0.05000000000000002,0.1125598086124402
cvk3nlq,3,13,37,7441,683,0,1053364,23622,11,0,0.1821757306831934,0.023667868589743568,0.0,0.12499999999999999,0.04872932634126664
cvk59hf,-1,14,72,10470,3029,3,1050335,3661,11,0,0.03408486781692524,-0.04126775800687474,0.013302486986697512,0.05,0.026448697501329083
cvk5knx,3,15,124,11101,631,-1,1049704,23622,11,0,0.11092265943012203,0.0014022435897435989,0.022556390977443608,0.12499999999999999,0.03979297063071738
cvk6299,-1,16,117,12118,1017,3,1048687,3661,11,0,0.14849823223028963,0.029857607595350066,0.023761694312116166,0.05,-0.0013290802764487075
cvk67i3,1,17,66,12436,318,-1,1048369,23622,11,0,0.2727683894576702,0.1069230769230769,0.07010770168664905,-1.3877787807814457e-17,0.007779285391225688
cvk6f93,-1,18,32,12915,479,1,1047890,3661,11,0,0.30318209003914737,-0.05129865520153772,0.0,0.05000000000000002,-0.018690191387559812
cvk1mks,11,5,114,3880,1578,-6,1056925,7515,11,0,-0.10377174093364666,-0.05654183779810282,0.03242481203007519,0.13749999999999998,-0.02865557302112129
cvk1xls,-5,6,89,4407,527,11,1056398,3661,11,0,0.05431526164282469,0.011789403651708014,0.029365867498936018,0.05,-8.064082576206277e-05
cvkfeib,-1,1,91,44074,38342,-2,1016731,89,11,0,0.22740482657838035,0.19811640057764046,0.06484962406015038,0.2375,0.09177186449913723
