comment_id,score,depth,length,time_since_submission,time_since_parent,parent_score,age,karma,submission_score,urls,alignment_content,alignment_syntax_3,alignment_syntax_4,alignment_features_binary,alignment_features_frequency
cvkkpu9,5,0,138,1304,1304,0,1007295,16525,0,0,0.4176356675355795,0.24743051104939584,0.18474358974358973,0.475,0.014412683161181841
cvko8td,-1,1,6,6343,5039,5,1002256,9887,0,1,-0.08939348408584383,-0.06137750653879684,0.0,-0.2625,-0.1075050709939148
cvkoidy,7,2,18,6743,400,-1,1001859,16525,0,0,-0.17719346110997428,0.11254480286738351,0.0,0.22499999999999995,0.05064456721915285
cvkowcz,-2,3,149,7318,575,7,1001284,9887,0,1,0.15671224132636932,0.017079293590883803,0.0,0.2375,0.026723116925548282
cvkpav0,2,4,22,7884,566,-2,1000718,16525,0,0,0.05728091225328794,0.03481822836661546,0.0,0.35,0.020341536916122546
cvkpyfi,0,5,39,8824,940,2,999778,9887,0,0,0.1435124988201391,-0.06137750653879686,0.0,0.1125,-0.03058199407083788
cvkuaw0,0,6,19,15070,6246,0,993532,28884,0,0,0.08692185007974478,-0.06209333982740746,0.0,-0.0625,0.03797210628117682
cvkw3fd,0,7,16,17589,2519,0,991013,9887,0,0,0.2049737998647735,0.017475540056185214,0.0,-0.012499999999999997,0.0799949290060852
cvkq4yg,5,6,26,9090,266,0,999512,16525,0,0,0.297244652217028,-0.05457278298069141,0.0,0.35,-0.0006374840628984163
cvkqixv,-3,7,39,9656,566,5,998946,9887,0,0,-0.011758156450516163,0.13217088055797727,0.0,0.1125,-0.056223019711863526
cvkr5l3,1,8,65,10593,937,-3,998009,16525,0,1,0.0022304072027829187,-0.0031423380959395256,0.0,0.475,0.022439439014024662
cvkrn1o,-1,9,100,11288,695,1,997314,9887,0,0,0.28066824430921794,0.05166845406639869,0.011246565934065936,0.2375,0.0024949290060851947
cvks23j,1,10,38,11887,599,-1,996715,16525,0,0,0.18283469570180827,-0.06656426011264722,0.0,0.225,0.015556847920907238
cvksh73,1,11,88,12503,616,1,996099,9887,0,0,0.23938036552133912,0.051046639101573636,0.0,0.2375,0.006131292642448827
cvktb1l,-1,7,66,13705,4615,5,994897,1205,0,0,0.1341109047047745,-0.05286980388739862,0.0,0.012499999999999997,-0.02995471960989203
cvkk7cs,9,0,37,586,586,0,1008016,40415,0,0,0.8417910725603035,0.5499671828281115,0.5272808586762076,-0.06250000000000001,-0.08201777432546663
cvkkxee,-4,1,3,1598,1012,9,1007004,1862,0,1,0.2009780343113675,0.36349331235247834,0.0,-0.5375000000000001,-0.12121212121212122
cvkl1lt,9,2,66,1761,163,-4,1006841,40415,0,0,0.32765572509162255,0.11664989828309406,0.038170163170163175,0.062499999999999986,0.10307641076871847
cvkl8ox,-8,3,27,2041,280,9,1006561,27996,0,0,0.22683427542956766,0.054061520789257474,0.0,0.03749999999999999,0.018307601451109407
cvkr3vq,2,4,50,10524,8483,-8,998078,423,0,0,0.17406445406445417,0.06071808375955841,0.0,0.0625,0.03341991341991342
cvkr6ow,0,5,8,10637,113,2,997970,27996,0,0,0.3109392137011728,-0.09276829011174365,0.0,-0.33749999999999997,-0.004840546697038733
cvkrdub,2,6,30,10920,283,0,997687,423,0,0,0.2682619849286516,0.09857928603283143,0.041987179487179484,-0.0625,-0.01991341991341991
cvkudqc,3,6,13,15173,4536,0,993434,28884,0,0,0.07057757057757048,-0.14094638642238957,0.0,-0.4375,0.11084660020830235
cvkleoo,11,4,147,2281,240,-8,1006326,40415,0,0,0.08173850298392431,0.04674137637649805,0.02376632801161103,0.062499999999999986,0.040615062593084575
cvknglz,0,5,269,5189,2908,11,1003418,27996,0,0,0.19932039227751847,0.02389101170001067,0.01731430081945546,0.16250000000000003,0.015140865942366466
cvko4g0,1,3,70,6164,4403,9,1002443,9887,0,0,0.15090633954731306,0.06935254439498924,0.0,0.2375,0.021066357577513753
cvkqxgm,7,4,37,10264,4100,1,998343,423,0,0,0.01912951912951912,0.06145579417468817,0.03498931623931624,0.0625,0.0755820755820756
cvkt0ub,1,5,94,13299,3035,7,995308,1205,0,0,-0.026615747156629184,-0.029313598713871316,0.012229275578790144,0.012499999999999997,-0.029632346947093838
cvkun8j,6,6,93,15540,2241,1,993067,423,0,0,0.2009780343113676,0.08470484968180819,0.0,0.0625,0.010194106968300518
cvkwbg8,-3,7,50,17909,2369,6,990698,1205,0,0,0.37021640414360707,-0.05763889484196719,0.02422337278106509,-0.1125,-0.05601532567049809
cvkwhza,5,8,21,18172,263,-3,990435,423,0,0,0.48933782267115594,0.2075927145051569,0.12596153846153846,-0.1875,0.008658008658008656
cvkx7rs,-4,9,30,19179,1007,5,989428,1205,0,0,0.46441393500780476,0.02615746508185427,0.041987179487179484,-0.1125,-0.0026819923371647625
cvl18cg,1,10,49,25324,6145,-4,983283,423,0,0,0.022469593898165368,0.03663400844208651,0.07557692307692308,0.0625,-0.02535559678416821
cvkzu3s,3,10,42,23064,3885,-4,985543,20209,0,0,0.3558482494652707,0.2246819402987846,0.08214882943143814,-0.02500000000000001,-0.04660587639311045
cvkrhmr,4,0,184,11074,11074,0,997533,20209,0,1,0.5412970263995547,0.44522203849845726,0.43812709030100333,0.09999999999999999,-0.016843971631205684
cvlxybu,0,1,69,97439,86365,4,911168,143,0,0,-0.09600773811453707,0.056226609070495176,0.03498931623931624,0.0875,0.02635930356969167
cvkv608,3,0,48,16258,16258,0,992349,14867,0,0,0.09547047047047046,-0.03417161066141443,0.0,0.15,0.05518018018018017
cvkjzug,-2,0,39,265,265,0,1008342,4898,0,0,0.13730545548727366,-0.027518104015799866,0.0,0.2625,0.05054036872218691
