comment_id,score,depth,length,time_since_submission,time_since_parent,parent_score,age,karma,submission_score,urls,alignment_content,alignment_syntax_3,alignment_syntax_4,alignment_features_binary,alignment_features_frequency
cvktbj6,10,0,23,2334,2334,2,994829,6073,2,0,0.0897834050007963,-0.014838996883810655,0.0,-1.850371707708594e-17,0.04252269469660773
cvktmlp,1,1,16,2768,434,10,994395,6,2,0,0.0036909448818897746,-0.011563367252543939,0.0,0.19047619047619047,-0.06742125984251968
cvktj8q,16,0,17,2636,2636,2,994531,3411,2,0,0.19064082586677059,-0.02291775798847565,0.0,0.11666666666666665,0.018309310479158555
cvktsau,0,1,10,2994,358,16,994173,6,2,0,0.09744094488188978,-0.011563367252543939,0.0,-0.4761904761904762,-0.12992125984251968
cvkz82w,1,1,42,10721,8085,16,986446,36675,2,0,0.039005602240896345,-0.021493490542864157,0.0,0.25,0.0037535014005602163
cvlucft,2,2,16,80668,69947,1,916499,945,2,0,-0.025323275862068964,-0.017760727479397557,0.0,0.16666666666666666,0.03232758620689655
cvm43o2,0,3,25,95530,14862,2,901637,36675,2,0,-0.05980392156862745,-0.021493490542864157,0.0,0.08333333333333333,-0.03529411764705882
cvm54ab,3,4,106,97244,1714,0,899923,945,2,0,0.03806115810019519,-0.008308931638187727,0.0,0.3333333333333333,0.005204944697462577
cvmc265,2,5,10,110495,13251,3,886672,36675,2,0,0.14019607843137258,0.05614626100993087,0.0,-0.4166666666666667,-0.01529411764705882
cvmij7s,0,6,1,125896,15401,2,871271,945,2,0,-0.10344827586206896,,,-0.6666666666666666,-0.15517241379310345
cvmsk9q,1,7,33,162514,36618,0,834653,321,2,0,0.028085032837884546,0.019326153983645383,0.0,-1.850371707708594e-17,0.056458117294619206
cvo7z48,0,8,61,270354,107840,1,726813,36675,2,0,0.0131468981035037,-0.021493490542864164,0.0,0.25,0.01585342333654774
cvn1l1v,0,8,15,178188,15674,1,818979,945,2,0,-0.020114942528735635,-0.017760727479397557,0.0,0.16666666666666666,-0.08850574712643679
cvo7zsc,0,9,39,270382,92194,0,726785,36675,2,0,-0.013650075414781294,-0.02149349054286416,0.0,0.25,0.03855203619909503
cvo8u0w,0,10,94,271679,1297,0,725488,945,2,0,0.016232575201760826,-0.0072077515401827,0.0,0.3333333333333333,-0.006236243580337503
cvowovb,1,11,59,330523,58844,0,666644,36675,2,0,0.05968760385510135,-0.02149349054286416,0.0,0.08333333333333333,0.05419740777666998
cvl2s36,7,2,25,16599,5878,1,980568,4096,2,0,0.09875389408099691,-0.010626669905270827,0.0,-0.03333333333333335,0.10137071651090343
cvlc8qf,0,3,38,33193,16594,7,963974,21440,2,0,0.0825771324863884,-0.02635046113306982,0.0,-0.08333333333333336,0.010889292196007247
cvlmoap,2,4,13,68786,35593,0,928381,4096,2,0,-0.10124610591900311,-0.010626669905270829,0.0,-0.03333333333333335,-0.061706206566019633
cvlqbnh,-1,5,21,74879,6093,2,922288,21440,2,0,0.15619868637110013,-0.026350461133069835,0.0,-0.08333333333333336,0.02216748768472905
cvlqk02,2,6,7,75212,333,-1,921955,6,2,0,-0.15255905511811027,-0.01156336725254394,0.0,-0.14285714285714282,-0.12992125984251968
cvlqphr,1,7,37,75432,220,2,921735,21440,2,0,0.01945479962721342,-0.02635046113306982,0.0,0.24999999999999997,0.014445479962721344
cvlty4r,2,8,117,80104,4672,1,917063,4096,2,0,-0.05851106318396039,0.013350312191915872,0.0,0.13333333333333333,-0.044612189472002545
cvlz0se,1,9,36,87650,7546,2,909517,21440,2,0,0.022270114942528736,-0.02635046113306983,0.0,0.24999999999999997,-0.09291187739463602
cvm3x2t,1,10,39,95230,7580,1,901937,4096,2,0,0.02695902228612508,0.015253247278994181,0.0,0.13333333333333333,-0.036065180924994
cvmfhk1,1,11,33,118028,22798,1,879139,21440,2,0,0.031739811912225704,0.032403945447423706,0.0,0.24999999999999997,0.03082549634273772
cvmhs9o,1,12,20,123774,5746,1,873393,4096,2,0,0.023753894080996887,-0.010626669905270829,0.0,-0.20000000000000004,-0.038629283489096555
cvmhv35,1,13,16,123987,213,1,873180,21440,2,0,-0.08189655172413793,-0.026350461133069828,0.0,0.08333333333333331,0.004310344827586202
cvmhy5m,1,14,62,124221,234,1,872946,4096,2,0,-0.020600944628680527,0.004061931739852555,0.0,0.13333333333333333,-0.09024218671490301
cvmi2qx,1,15,227,124574,353,1,872593,21440,2,0,0.017222391007139605,-0.017989257119691904,0.0,0.24999999999999997,0.002658362448731577
cvmj6rl,1,16,172,127984,3410,1,869183,4096,2,0,0.01503296384843875,0.023698272886491185,0.010582010582010581,0.13333333333333333,-0.004908353256538434
cvmjuhg,1,17,47,130365,2381,1,866802,21440,2,0,0.024486426999266328,0.03635856896726462,0.0,0.08333333333333331,0.006969919295671298
cvmnqex,0,18,32,149081,18716,1,848086,4096,2,0,-0.06218360591900311,-0.010626669905270827,0.0,-0.03333333333333335,-0.04487928348909656
cvmnuec,1,19,114,149570,489,0,847597,21440,2,0,0.027752571082879606,-0.0008749176548089601,0.0,0.24999999999999997,-0.015426497277676962
cvmoa3a,1,20,18,151340,1770,1,845827,4096,2,0,0.10708722741433023,-0.010626669905270829,0.0,-0.03333333333333335,0.08359293873312565
cvmooey,1,21,4,152825,1485,1,844342,21440,2,0,-0.08189655172413793,-0.02635046113306983,0.0,-0.5833333333333334,-0.1206896551724138
cvlqykp,2,8,49,75793,361,1,921374,6,2,0,0.02601237345331834,0.008565457224106624,0.0,0.19047619047619047,0.03334404627992929
cvlrjt5,-1,9,70,76640,847,2,920527,21440,2,0,0.025246305418719212,-0.01325459942536946,0.0,0.24999999999999997,0.03645320197044334
cvlrovw,2,10,36,76840,200,-1,920327,6,2,0,-0.0831146106736658,-0.01156336725254394,0.0,0.023809523809523826,-0.01881014873140857
cvl38f4,-1,3,41,17421,822,7,979746,36675,2,0,-0.01834050693448111,0.0011514369933677204,0.0,0.25,0.0066571018651362945
cvld4kd,1,4,7,34797,17376,-1,962370,5279,2,0,-0.08272058823529413,-0.022644927536231884,0.0,0.25,0.08403361344537814
cvldmpm,1,5,4,35863,1066,1,961304,36675,2,0,-0.10980392156862742,-0.021493490542864164,0.0,-0.5833333333333333,-0.11529411764705882
cvl6vko,2,4,45,23942,6521,-1,973225,37239,2,0,0.07391364136413642,0.01289655547695489,0.0,-0.01666666666666668,-0.000275027502750283
cvlc7ey,3,5,36,33128,9186,2,964039,21440,2,0,0.02227011494252872,-0.02635046113306983,0.0,0.08333333333333331,-0.009578544061302693
cvlu1d6,2,6,19,80229,47101,3,916938,4096,2,0,0.030332841449417947,0.043721156181685684,0.0,-0.3666666666666667,-0.033366125594359725
cvl4exj,2,0,20,19558,19558,2,977609,16,2,1,0.054824561403508776,-0.028232636928289107,0.0,-0.03333333333333336,-0.01929824561403508
cvkva01,2,0,79,5024,5024,2,992143,924,2,0,0.15716142216578707,0.016956493884520363,0.0,0.06666666666666667,0.050255942224514905
cvl2zrk,1,1,35,16980,11956,2,980187,4096,2,1,0.11303960836671118,-0.010626669905270827,0.0,0.13333333333333333,-0.052914997774810846
cvkvyjj,2,1,37,6001,977,2,991166,6,2,0,0.05014364758459247,0.013714691392552119,0.0,0.023809523809523826,0.032240902319642495
cvlc6j6,2,0,265,33082,33082,2,964085,21440,2,0,0.0643298633702017,-0.019470989476493054,0.0,0.24999999999999997,0.022706571242680537
cvlqayd,2,1,99,74851,41769,2,922316,6,2,0,-0.0010439036029587108,-0.0014048950867576748,0.0,0.19047619047619047,0.011492881571621733
cvku64x,1,0,36,3518,3518,2,993649,4094,2,0,-0.013240380458279292,-0.003840835765862652,0.0,0.1666666666666667,-0.03393860786856896
cvkz9of,2,1,59,10788,7270,1,986379,36675,2,0,0.01731472249916915,-0.021493490542864164,0.0,0.25,0.020299102691924226
cvl2xu9,0,2,7,16885,6097,2,980282,4096,2,1,0.07732532265242546,-0.010626669905270829,0.0,-0.03333333333333335,0.004227859368046288
cvl3bjx,-1,3,50,17580,695,0,979587,36675,2,0,-0.05980392156862745,-0.0017306446930617878,0.0,0.08333333333333333,0.06470588235294117
cvl3i11,0,4,46,17901,321,-1,979266,4096,2,0,-0.046898279832046585,0.009881943712448615,0.0,-0.03333333333333335,0.01354462955438171
cvl4kqb,0,5,20,19850,1949,0,977317,36675,2,0,0.07769607843137254,-0.021493490542864157,0.0,0.08333333333333333,0.03470588235294117
cvl50s7,-2,6,49,20680,830,0,976487,4096,2,0,-0.07573590183737046,-0.010626669905270825,0.0,-0.03333333333333335,-0.036588467162565946
cvl6bwr,1,0,173,22986,22986,2,974181,872,2,0,0.07379823131268218,0.010852621572822047,0.0,0.19999999999999998,-0.028387925497752098
cvld851,1,1,10,35003,12017,1,962164,5279,2,0,0.1672794117647059,-0.022644927536231884,0.0,0.25,0.0411764705882353
cvlf72s,1,2,6,39811,4808,1,957356,872,2,0,-0.10683760683760685,-0.022252653200958577,0.0,-0.3,0.0111111111111111
cvlli7m,1,3,1,66249,26438,1,930918,5279,2,0,-0.08272058823529412,,,-0.08333333333333333,-0.058823529411764705
cvlo3j8,1,4,2,71403,5154,1,925764,872,2,0,-0.10683760683760685,-0.022252653200958577,,-0.7999999999999999,-0.15555555555555556
cvlp2oy,1,5,23,73017,1614,1,924150,5279,2,0,0.08032289002557542,-0.022644927536231884,0.0,0.08333333333333333,0.028132992327365727
cvlplkz,1,6,2,73842,825,1,923325,872,2,0,-0.10683760683760685,-0.022252653200958577,,-0.4666666666666666,-0.15555555555555556
cvlppp1,1,7,35,74018,176,1,923149,5279,2,0,0.09585084033613447,-0.02264492753623188,0.0,0.5833333333333334,0.1411764705882353
cvlq3v2,2,8,54,74579,561,1,922588,872,2,0,-0.0836894586894587,-0.022252653200958577,0.0,0.033333333333333326,-0.06296296296296297
cvkt3w1,1,0,7,2029,2029,2,995138,30743,2,0,0.10460693153000848,-0.01663708961845608,0.0,0.03333333333333335,0.036348267117497876
