comment_id,score,depth,length,time_since_submission,time_since_parent,parent_score,age,karma,submission_score,urls,alignment_content,alignment_syntax_3,alignment_syntax_4,alignment_features_binary,alignment_features_frequency
cvlzfmx,5,0,20,653,653,3,908296,14676,3,0,0.2609779882975759,-0.17460317460317462,0.0,0.2625,0.005405405405405406
cvm1tys,3,0,116,4299,4299,3,904650,2152,3,0,0.1545948624917935,0.12306795634920634,0.07399052560342882,0.07500000000000001,-0.00578714820862547
cvlzn5f,2,0,49,967,967,3,907982,675,3,0,-0.014537092620080246,0.008627138685779086,0.020479520479520476,0.11249999999999999,0.026649191786806456
cvm119l,3,1,34,3106,2139,2,905847,1508,3,0,0.1857546018929053,0.015368128001853765,0.09298809298809299,0.1625,-0.06724650949874113
cvm16e5,1,2,28,3317,211,3,905636,675,3,0,-0.07470961523737463,-0.15298378517559852,0.0,-0.1375,-0.1162079510703364
cvm1afw,2,3,36,3483,166,1,905470,1508,3,0,0.10867084742892039,-0.023511121403711505,0.0,0.1625,0.040596627756160825
cvm1i9v,-1,4,67,3812,329,2,905141,675,3,0,0.1861876656629837,0.014215433747758365,0.06284126832072037,0.11249999999999999,0.01812040713861883
cvm1nai,1,5,87,4021,209,-1,904932,1508,3,0,0.026769358310936374,0.07585096775429609,0.023646456636147357,0.2875,0.023355248445816018
cvm3sfk,-1,6,106,7406,3385,1,901547,-74,3,0,0.11357296134005081,0.0518103271945843,0.03071928071928072,0.22499999999999998,-0.045934052685514495
cvm4pgn,1,7,32,8936,1530,-1,900017,1508,3,0,0.0881954751494244,0.03969364768341045,0.06950625132443314,0.1625,0.030179961089494167
cvm26ik,0,6,133,4843,822,1,904110,675,3,0,0.002881269190189117,-0.03551917481037961,0.03772543246227457,0.11249999999999999,-0.0034259961831183544
cvm2nv8,2,7,84,5614,771,0,903339,1508,3,0,0.1496215919879123,0.15780755991496986,0.03865797124224091,0.2875,0.004882342041875126
cvlzyk6,5,0,4,1460,1460,3,907493,-74,3,1,-0.07418233918513886,-0.17996379838485116,0.0,-0.5249999999999999,-0.12140575079872204
cvm05vi,2,1,21,1776,316,5,907177,40415,3,0,0.10550961066424984,0.04910655545815412,0.0,-0.06250000000000001,0.03381234150464919
cvm0usd,6,2,20,2851,1075,2,906102,-74,3,0,-0.00047099897895322765,-0.12043998886104154,0.0,0.1,-0.021405750798722034
cvm0yic,2,3,26,2996,145,6,905957,40415,3,0,0.16761073977568833,-0.06937417016542863,0.0,-0.06250000000000001,0.006339814032121735
cvm1pl4,0,4,5,4117,1121,2,904836,-74,3,2,-0.1478936793913244,-0.179963798384851,0.0,-0.65,-0.12140575079872204
cvm1qff,4,5,30,4152,35,0,904801,40415,3,0,0.13359012121898722,-0.04626492646794961,0.03475312566221657,-0.06250000000000001,-0.07571146801916032
cvm23n7,2,6,10,4718,566,4,904235,-74,3,0,-0.0004709989789532072,-0.17996379838485102,0.0,-0.15,-0.021405750798722034
cvm2dra,0,7,20,5164,446,2,903789,40415,3,0,0.05987878101280161,-0.021755122546380973,0.05461205461205461,-0.1875,-0.00904480135249365
cvm2jqk,0,8,9,5431,267,0,903522,-74,3,0,0.21247287272780516,-0.17996379838485102,0.0,-0.39999999999999997,-0.010294639687610935
cvm2mum,-1,9,45,5569,138,0,903384,40415,3,0,0.166350716866181,0.12037315733700098,0.16724941724941725,-0.06250000000000001,0.024288531980839675
cvm3g8a,2,10,48,6862,1293,-1,902091,-74,3,0,0.8472094133921809,0.8509379240062334,0.7978108847674065,-0.39999999999999997,-0.10057241746538871
cvm3n2j,0,11,40,7165,303,2,901788,40415,3,0,-0.05068822929647669,0.01285174345583379,0.0,-0.06250000000000001,0.04095519864750634
cvm427t,2,12,83,7850,685,0,901103,-74,3,0,-0.034218359555279194,-0.09547839131879875,0.012465795074490726,0.22499999999999998,-0.037068401401131684
cvm4cjs,0,13,34,8318,468,2,900635,40415,3,0,0.10757435408739227,-0.048056340708064325,0.027306027306027304,0.062499999999999986,-0.05022127194072895
cvmgepm,3,14,11,32598,24280,0,876355,438,3,0,0.08111774281063483,0.04483952171176839,0.0,-0.1875,-0.13636363636363635
cvm4qjc,1,0,30,8986,8986,3,899967,15340,3,0,0.0018543733385203913,0.03864734299516916,0.07167832167832168,0.1875,-0.035220125786163514
cvm5ee7,1,1,26,10105,1119,1,898851,4096,3,0,0.0035327745126377363,0.24712689545091795,0.09557109557109557,0.03749999999999999,-0.061706206566019633
cvmgfpg,1,2,66,32666,22561,1,876290,438,3,0,0.1704648218484355,-0.03398930711706047,0.015710317080180093,0.1875,-0.03030303030303029
cvmtvak,1,0,52,77431,77431,3,831525,569,3,0,0.044550810014727535,0.1857614964528148,0.11662913357828614,-0.03750000000000002,0.0283882783882784
cvm5i5q,0,0,63,10282,10282,3,898679,4096,3,0,0.017933036335579924,0.08998403830806069,0.06648424039728387,0.03749999999999999,0.03597389111407803
cvmgidc,0,1,20,32851,22569,0,876110,438,3,0,0.2084373304395008,0.06864904552129224,0.0,0.1875,-0.03636363636363635
