comment_id,score,depth,length,time_since_submission,time_since_parent,parent_score,age,karma,submission_score,urls,alignment_content,alignment_syntax_3,alignment_syntax_4,alignment_features_binary,alignment_features_frequency
cvmd1nk,7,0,31,2027,2027,0,883637,41997,0,0,0.02882197267720479,-0.0475528946756568,0.0,-0.0625,-0.0930596285434995
cvme5hd,2,1,10,4455,2428,7,881209,441,0,0,0.4337915742793793,0.2075834562154671,0.2042194092827004,-0.23750000000000002,-0.12363636363636364
cvmrvp3,1,2,6,50615,46160,2,835053,29434,0,0,0.34505577613915656,0.23644067796610152,0.0,-0.575,0.025193798449612392
cvmlgti,1,2,8,26964,22509,2,858704,4706,0,0,-0.10363149640365589,-0.1884619973750148,0.0,-0.48750000000000004,-0.12195121951219512
cvmmf8f,1,3,35,31958,4994,1,853714,1635,0,1,0.035193829027239026,0.014689295524210132,0.0,0.1875,0.07106918238993712
cvmd6hm,6,0,82,2323,2323,0,883353,2155,0,0,0.3671515872586665,0.13590442247807338,0.10685899322931999,0.3625,0.007483370288248331
cvme4rd,0,1,21,4411,2088,6,881269,441,0,0,0.1285650934431422,-0.06313846891822272,0.0,0.38750000000000007,0.019220779220779208
cvmmh8o,2,2,30,32244,27833,0,853436,1635,0,0,-0.015677251112133805,-0.02393859907254257,0.03094233473980309,-0.062499999999999986,-0.028930817610062887
cvmmilr,2,1,57,32441,30118,6,853239,1635,0,0,-0.1656130662597589,-0.010035979201064589,0.0658772288008711,0.1875,0.011420059582919556
cvmgc62,1,0,521,9469,9469,0,876211,2152,0,0,0.3569847634489688,0.09040178571428575,0.1041190190439528,0.07500000000000001,0.006937055908126127
cvmmkcr,1,1,80,32690,23221,1,852994,1635,0,2,0.11785933425372001,-0.06219477375336823,0.023746442939848886,0.1875,0.008569182389937119
cvmythq,1,2,53,62889,30199,1,822795,16459,0,0,0.014006846330608379,-0.06670049241416029,0.032415779251222285,0.2125,-0.02858396539835767
cvmhgj4,1,0,105,12343,12343,0,873341,31039,0,0,0.276899282699251,0.060473994217611744,0.1245240300504271,0.08749999999999998,-1.3792627840417127e-05
cvmmq58,1,1,11,33526,21183,1,852158,1635,0,1,-0.5660098453471675,-0.19911160945316536,0.0,-0.3125,-0.1289308176100629
cvmskey,1,2,13,51953,18427,1,833731,31039,0,0,-0.04006667816914896,-0.22771386156986453,0.0,-0.16249999999999998,-0.046900239514287304
cvn4vow,0,3,126,73517,21564,1,812167,4706,0,3,0.030611631741911366,-0.045520820904426704,0.013706000623000028,0.26249999999999996,-0.026713124274099886
cvn5elb,1,4,68,74508,991,0,811176,31039,0,0,0.1452329576326389,-0.07499892944316777,0.026522001205545508,0.08749999999999998,0.008529624739106359
cvn5mza,0,5,127,74950,442,1,810734,4706,0,2,0.026049701983131196,-0.009396253430378252,0.020153231179213856,0.26249999999999996,-0.011714999039754176
cvn5tgq,1,6,143,75295,345,0,810389,31039,0,0,0.00973717651275449,0.023060132238184955,0.018019359642591215,0.08749999999999998,0.0020508094367616553
cvn649f,0,7,286,75870,575,1,809814,4706,0,2,0.055118290394911444,0.060497715127349354,0.03952633728052266,0.26249999999999996,0.0528739553129797
cvn6j24,1,8,258,76642,772,0,809042,31039,0,0,0.046993548425961325,-0.02985743086198815,0.024311834438416717,0.08749999999999998,0.01958753627581407
cvn7oiw,1,9,169,78831,2189,1,806853,4706,0,1,0.06230153866633984,0.01477190282013424,0.01944946755073337,0.26249999999999996,0.031894934333958735
cvn8h4f,2,10,156,80342,1511,1,805342,31039,0,0,-0.06289344489835477,-0.06498483553322038,0.022441693327769276,0.08749999999999998,0.03643309381904604
cvn9vpw,0,11,163,83023,2681,2,802661,4706,0,1,0.03017816991386626,-0.06241157720694772,0.027156836340784626,0.26249999999999996,-0.02992667963489451
cvnabzp,2,12,134,83902,879,0,801782,31039,0,0,-0.10956907238941731,-0.09027042265583746,0.01317544576017422,0.08749999999999998,-0.01188301792990154
cvnaqo8,0,13,86,84697,795,2,800987,4706,0,3,-0.15538986282452955,-0.05475851598245785,0.010526773674366,0.13749999999999998,0.01758366420873511
cvnb16r,2,14,21,85261,564,0,800423,31039,0,0,0.09037198885488382,0.15129683361730117,0.09724733775366685,-0.16250000000000003,0.11427192165787385
cvnb4k1,0,15,11,85441,180,2,800243,4706,0,0,-0.22502839219079557,-0.08919729149266191,0.0,-0.36250000000000004,-0.031042128603104208
cvnb7ax,2,16,10,85587,146,0,800097,31039,0,0,0.1242860422811324,-0.22771386156986445,0.0,-0.41250000000000003,0.07617668356263578
cvqdc5l,1,17,44,322133,236546,2,563551,4706,0,3,0.13916229517062353,-0.014748762080897178,0.0217254690726277,0.26249999999999996,0.014412416851441234
cvqdqfe,1,18,37,322702,569,1,562982,31039,0,0,0.08578900866214763,-0.20124327333457032,0.0,-0.03750000000000002,-0.0967962894103372
cvqqm6x,1,19,69,343012,20310,1,542672,4706,0,1,0.07054665842137069,-0.013756115022073698,0.027597217470635187,0.26249999999999996,-0.0060091905266878715
cvqquug,1,20,86,343426,414,1,542258,31039,0,0,0.09530135708544323,-0.0833288348318965,0.02083871523292861,0.08749999999999998,-0.01917215364666655
cvqqzyr,1,21,146,343656,230,1,542028,4706,0,0,0.061002649937807574,-0.030595236212718653,0.018565400843881856,0.26249999999999996,0.03558302706314734
cvqrcg4,1,22,103,344245,589,1,541439,31039,0,0,-0.20761071357962999,-0.0824484383273969,0.016739295842844296,0.08749999999999998,0.031516489387878474
cvqtzyq,1,23,211,348845,4600,1,536839,4706,0,1,0.10943635702369355,-0.01829393014812412,0.017233705424700454,0.26249999999999996,0.010750202288752758
cvqvv49,1,24,143,352187,3342,1,533497,31039,0,1,-0.027615714498673123,-0.05855270598336964,0.006077958609604178,0.08749999999999998,-0.025921218535266327
cvrcejq,1,25,130,397125,44938,1,488559,4706,0,0,0.09496137414043421,0.01833947321322036,0.021421616358325218,0.26249999999999996,0.01651031894934335
cvrfgi7,1,26,231,401657,4532,1,484027,31039,0,0,0.028710073534432015,-0.021885574372632718,0.026375200460865368,0.08749999999999998,0.010375817761769976
cvmk5p6,1,0,136,21031,21031,0,864653,54177,0,0,0.4352413307706884,0.2681503310497914,0.24818330989217066,0.4375,-0.006011838697743244
cvmmkz7,1,1,34,32779,11748,1,852909,1635,0,0,0.3194733945119697,0.27735897878212873,0.15016133035492676,0.1875,-0.04069552349241583
cvmqo7c,1,2,27,47896,15117,1,837792,54177,0,0,0.02115184673859305,0.1449251789199739,0.1458710066305003,0.3125,-0.06429070580013976
cvn57sx,1,3,126,74157,26261,1,811531,4706,0,7,0.002349920553370896,0.019785637343208033,0.043144945623105724,0.26249999999999996,0.052651955090979474
cvn5r1p,1,4,100,75164,1007,1,810524,54177,0,0,0.10951679705476294,0.037527110549949554,0.037818409126426006,0.3125,-0.008364779874213829
cvn6gz7,1,5,249,76533,1369,1,809155,4706,0,2,0.15915134226810435,0.012114109356337418,0.05633638876764149,0.26249999999999996,0.02664315799784503
cvn8pu4,1,6,70,80784,4251,1,804904,54177,0,0,0.04847150088751565,0.002140478833042687,0.06151187026587362,0.4375,-0.06693620844564241
cvn9klw,1,7,252,82421,1637,1,803267,4706,0,3,0.14365847649607322,0.08576567930716877,0.06266660573656872,0.26249999999999996,0.016937669376693776
cvmll4b,1,0,56,27569,27569,0,858119,4706,0,2,0.1825183293803163,0.24282603507934628,0.1074838996224739,0.26249999999999996,0.0030487804878048808
cvmcd1k,1,0,125,553,553,0,885135,16459,0,0,0.40235475245117913,0.29950578739506106,0.2847957748500244,0.2125,0.0130764119601329
cvme4qk,1,1,5,4409,3856,1,881279,14452,0,0,-0.21500230096640582,-0.14190911021448285,0.0,-0.5125,0.08679245283018869
cvmfkrx,1,1,46,7668,7115,1,878020,441,0,0,0.3331553070471414,-0.05185838870431892,0.0434509381452554,0.2625,-0.014940711462450601
cvmmt8r,1,2,35,33988,26320,1,851700,16459,0,0,0.18869621586581298,-0.032339632685653416,0.05374194981123695,-0.03750000000000002,0.01993355481727574
cvmmn5w,1,2,14,33091,25423,1,852597,1635,0,1,0.543904630420967,0.0757752683748889,0.0,0.0625,0.013926325247079957
cvmggms,4,1,102,9779,9226,1,875909,969,0,0,0.13114993461230806,0.13341944352277568,0.07788028320102981,0.2375,0.03496442824917578
cvmmsrk,1,2,25,33918,24139,4,851774,16459,0,0,-0.1674013451097967,-0.03511626781522979,0.0,0.08749999999999998,-0.0029235880398671144
cvmmjn6,3,2,44,32593,22814,4,853099,1635,0,0,-0.1613535260567013,0.008049515866527666,0.06807313642756681,0.3125,-0.01529445397369926
