comment_id,score,depth,length,time_since_submission,time_since_parent,parent_score,age,karma,submission_score,urls,alignment_content,alignment_syntax_3,alignment_syntax_4,alignment_features_binary,alignment_features_frequency
cvnpceu,11,0,103,31414,31414,2,756923,13903,2,0,0.10896475446480479,0.12848400745582736,0.07743914126892851,0.075,0.0027043370175026116
cvnh29g,4,0,17,910,910,2,787430,6073,2,0,0.16955894783949074,0.09011993433062773,0.05969267139479905,-0.39999999999999997,-0.08791208791208792
cvnh3j7,5,1,17,990,80,4,787354,366,2,0,0.4339470889075805,-0.1457059596594481,0.0,-0.17500000000000002,-0.05650889935349988
cvnh71n,0,2,22,1208,218,5,787136,6073,2,0,0.18486129255360023,0.01067184264263397,0.051165146909827756,0.22499999999999998,-0.04245754245754246
cvnkpij,1,2,13,11483,10493,5,776861,58624,2,0,0.1454658043209027,0.19029850746268664,0.097678916827853,0.1375,0.037567084078711996
cvnlchm,3,3,10,14039,2556,1,774305,366,2,0,0.16462582193925474,-0.14570595965944805,0.0,-0.30000000000000004,-0.11533242876526459
cvnieql,1,2,20,4147,3157,5,784197,47433,2,0,0.05127978216473791,-0.005957967926071263,0.0488394584139265,0.22499999999999995,-0.038495575221238934
cvnkx0f,9,2,19,12276,11286,5,776068,36886,2,1,0.10379691432323006,0.135937393439269,0.0,0.012500000000000018,-0.055476529160739696
cvnw1q1,-4,0,29,45341,45341,2,743003,20727,2,0,0.11382634141254823,0.005544709388279309,0.03837386018237082,0.3,-0.02677285435906125
cvnwhu4,2,1,41,45912,571,-4,742432,5755,2,1,-0.019402087694770608,0.002850768775945665,0.04997525977238991,-0.0875,-0.010547132498352013
cvnxob7,1,2,56,47683,1771,2,740661,11348,2,0,0.13466371374142516,-0.07355139854754823,0.0,0.09999999999999998,0.003659875564230808
cvo6f2l,1,3,49,60649,12966,1,727695,366,2,0,0.1763055707618608,0.19932575281412482,0.15918045705279749,0.07499999999999998,0.06834104062249052
cvnzyod,2,3,73,51129,3446,1,737215,5755,2,0,0.08672245932519905,0.1079776186702375,0.12240775653110691,0.037500000000000006,0.015179563124768591
cvnwzcb,1,2,51,46610,698,2,741734,20727,2,0,0.27247823718411956,-0.06502465709127167,0.0,0.3,-0.012574071397600806
cvnx9o4,1,3,65,47041,431,1,741303,5755,2,0,0.014957848804002671,-0.09110876006730408,0.015572001233425841,0.037500000000000006,-0.0004158004158004158
cvnxpop,2,4,63,47742,701,1,740602,20727,2,0,-0.06550926550926553,-0.10648067326922922,0.0,0.05,-0.050856050856050855
cvnznv2,0,5,300,50696,2954,2,737648,5755,2,0,-0.0026516186516186402,-0.014586386574397132,0.022384751773049643,0.037500000000000006,0.02189189189189189
cvp32gn,2,6,102,133953,83257,0,654391,20727,2,0,0.10415244532891592,-0.0927609489624046,0.0,0.3,-0.06159367924073805
cvp3l6u,1,7,26,134724,771,2,653620,5755,2,0,0.09199926892234588,-0.06764849939774101,0.0,-0.0875,0.007276507276507277
cvp64n9,2,8,62,138514,3790,1,649830,20727,2,0,-0.059648459648459634,-0.14007751121389325,0.0,0.3,-0.0011888721566140903
cvp6i0g,1,9,102,139071,557,2,649273,5755,2,0,0.003520327049738851,-0.05484367875938308,0.02852570137450574,0.037500000000000006,-0.03948065712771595
cvp6xr7,1,10,74,139723,652,1,648621,20727,2,0,0.035154035154035174,-0.05426884313778327,0.013600861836789657,0.175,-0.06265356265356264
cvpmypc,1,11,40,165686,25963,1,622658,366,2,0,-0.1572972549838222,-0.06295852861564054,0.0,0.07499999999999998,-0.04033242876526459
cvq7vs6,1,12,140,217431,51745,1,570913,20727,2,0,0.00035154035154033456,-0.10516685824665603,0.006887615930169122,0.3,-0.0445068445068445
cvp6ulx,1,10,88,139593,522,1,648751,20727,2,0,-0.1037044037044037,-0.04061756521929376,0.03223404255319149,0.3,-0.05067567567567567
cvp7aep,1,11,203,140248,655,1,648096,5755,2,0,0.08305357270874515,-0.04784870493193966,0.018366975813784325,0.037500000000000006,0.034749034749034735
cvp970s,1,12,258,143088,2840,1,645256,20727,2,0,0.03695261369679979,-0.007172738281180438,0.030481364116493135,0.3,-0.002314153476944164
cvpa7m1,1,13,397,144574,1486,1,643770,5755,2,0,-0.03566382558825885,-0.031029208724684645,0.029640498899486428,0.037500000000000006,-0.002314657226496028
cvq7i9k,0,14,203,216872,72298,1,571472,20727,2,0,-0.062376765825041695,-0.046856052440108875,0.03372769773876538,0.3,-0.011994529235908546
cvo69k1,1,5,17,60419,12677,2,727925,366,2,0,-0.15519318258563214,0.0025498542940403032,0.0,-0.17500000000000002,0.06113815947002954
cvp37ji,2,6,34,134161,73742,1,654183,20727,2,0,-0.008064749241219821,-0.03640211684082439,0.0,0.175,-0.012574071397600806
