comment_id,score,depth,length,time_since_submission,time_since_parent,parent_score,age,karma,submission_score,urls,alignment_content,alignment_syntax_3,alignment_syntax_4,alignment_features_binary,alignment_features_frequency
cvns92i,18,0,95,494,494,3,749326,23034,3,1,0.5934947332805024,0.44083222972017816,0.39366937092698495,0.028571428571428564,-0.06295310260086012
cvnubo4,3,1,32,4397,3903,18,745423,8151,3,1,0.09987074209245744,0.1331168831168831,0.059629331184528594,-0.02857142857142858,-0.034823600973236016
cvnuvjp,5,2,12,5339,942,3,744485,5279,3,0,0.05296248934356355,0.1105442176870748,0.0779768177028451,0.2857142857142857,0.024509803921568624
cvnvu5z,1,3,16,7007,1668,5,742817,8151,3,0,0.05163704644028353,-0.014204545454545468,0.0,0.11428571428571428,0.09017639902676398
cvnvz5c,7,4,32,7242,235,1,742582,5279,3,0,0.13335198209718666,0.007002801120448176,0.0307181403071814,0.5714285714285714,0.0661764705882353
cvnwv4u,6,3,62,8467,3128,5,741357,3354,3,2,-0.011700964491351846,0.11814320751330984,0.056316590563165896,0.028571428571428564,-0.037826109687875795
cvo3m2a,1,4,5,18614,10147,6,731214,5279,3,0,0.10441176470588236,-0.11904761904761907,0.0,-1.586032892321652e-17,-0.058823529411764705
cvnuwk2,14,2,23,5390,993,3,744438,23034,3,1,-0.062042029230690035,-0.012016551932951222,0.0,-0.1142857142857143,-0.06158010488918965
cvnvvet,0,3,19,7066,1676,14,742762,8151,3,0,0.15318166886591278,-0.02477785372522215,0.0,0.11428571428571428,-0.0446920220258676
cvnvy25,8,4,18,7191,125,0,742637,23034,3,0,-0.22608319705257615,-0.051612825224876674,0.0,-0.39999999999999997,-0.10505836575875487
cvo5oqg,2,5,66,21600,14409,8,728228,2833,3,0,0.08723361984231552,-0.03880597014925372,0.0,0.32857142857142857,-0.016354016354016343
cvo6hri,3,6,60,22781,1181,2,727047,23034,3,0,0.1426366097107089,-0.02865364155140729,0.029382568989477865,0.028571428571428564,-0.00505836575875486
cvo6m2v,-1,7,35,22962,181,3,726866,2833,3,0,0.1747642051989879,0.0869780019761818,0.10136986301369863,0.32857142857142857,-0.023280423280423276
cvo6q17,3,8,58,23131,169,-1,726697,23034,3,0,0.08142971315898473,0.08490791210231227,0.09970806198068717,0.028571428571428564,0.015631289413658933
cvo6u8f,1,9,27,23305,174,3,726523,2833,3,0,0.20416379112031288,-0.013531244874528453,0.0,0.18571428571428572,0.010582010582010581
cvo8x85,1,10,5,26494,3189,1,723334,23034,3,0,-0.0888851294197259,-0.10518425379630524,0.0,-0.6857142857142857,-0.10505836575875487
cvo90xv,2,11,40,26661,167,1,723167,2833,3,0,0.07554060271451576,-0.0715981779414615,0.0,0.18571428571428572,-0.012566137566137559
cvo95vy,-1,12,32,26886,225,2,722942,23034,3,0,-0.15641230333276934,-0.04566044427249573,0.028962818003913895,0.028571428571428564,-0.011308365758754865
cvnw8yc,1,5,48,7646,455,8,742182,8151,3,1,0.18026023484608064,-0.037437052743175186,0.0,0.11428571428571428,0.027676399026763984
cvnwsyh,2,6,45,8378,732,1,741450,23034,3,0,-0.05458561251151337,0.0019586033465518885,0.020687727145652778,0.028571428571428564,0.028274967574578466
cvnwx6j,2,7,82,8548,170,2,741280,8151,3,0,0.17398593297262713,0.00604047115675022,0.03577759871071716,0.11428571428571428,0.024627618538959103
cvnxe6h,1,8,93,9255,707,2,740573,23034,3,0,0.1501050529084649,-0.018604167216218676,0.03103159071847917,0.028571428571428564,-0.008284172210367771
cvnxpsf,0,9,0,9766,511,1,740062,8151,3,1,,,,-0.8857142857142858,-0.09732360097323602
cvnxvwd,0,10,31,10037,271,0,739791,23034,3,0,-0.04905343236502747,-0.04215904371227165,0.0,-0.1142857142857143,0.05623195682189029
cvny12x,1,11,69,10266,229,0,739562,8151,3,0,0.04604473390090101,0.017515379357484623,0.0,0.11428571428571428,0.04760393525864805
cvnyucb,0,12,8,11496,1230,1,738332,23034,3,0,-0.20464599898494326,-0.10518425379630524,0.0,-0.5428571428571428,-0.10505836575875487
cvnywos,1,13,6,11596,100,0,738232,8151,3,0,0.18026023484608056,0.0974025974025974,0.0,-0.4571428571428572,-0.09732360097323602
cvnz9u6,0,14,222,12142,546,1,737686,23034,3,1,0.01262290034917339,0.02601108148066267,0.03739052324275769,0.028571428571428564,-0.02397728467767378
cvo29c9,1,15,153,16633,4491,0,733195,3354,3,1,0.10382397386173602,0.03529714616419513,0.04300539643005396,0.028571428571428564,-0.052690119808052896
cvo2j0k,0,16,125,17024,391,1,732804,23034,3,0,-0.014798172897986791,0.03618479382274237,0.03544400804674777,0.028571428571428564,0.06294163424124515
cvnzqh0,1,15,38,12823,681,0,737005,8151,3,0,0.1937995178361646,0.04949318973709217,0.050684931506849315,0.11428571428571428,0.00793955692150082
cvo0uqj,0,16,5,14506,1683,1,735322,23034,3,0,-0.0888851294197259,-0.10518425379630526,0.0,-0.6857142857142857,-0.10505836575875487
cvo1bw3,1,17,29,15262,756,0,734566,8151,3,0,0.03833119936382172,0.06661442006269591,0.07240704500978473,-0.02857142857142858,0.006124674888832948
cvo2co4,0,18,17,16773,1511,1,733055,23034,3,0,0.05638341277976258,0.05553003191798048,0.0,-0.2571428571428572,0.012588693064774545
cvo72hr,2,19,32,23652,6879,0,726176,8151,3,0,0.09987074209245742,0.10790679908326968,0.0307181403071814,0.11428571428571428,0.09017639902676398
cvo8v9g,-1,20,21,26410,2758,2,723418,23034,3,0,0.04341300722623675,-0.10518425379630526,0.0,-0.39999999999999997,-0.009820270520659632
cvo9nhw,1,21,7,27670,1260,-1,722158,8151,3,0,0.3272581644527058,-0.08116883116883117,0.0,-0.4571428571428572,0.1883906847410497
cvo9w52,0,22,74,28052,382,1,721776,23034,3,0,-0.022140123544285285,-0.004343917661851466,0.036203522504892366,0.028571428571428564,0.016563255862866763
cvoa6vm,2,23,0,28526,474,0,721302,8151,3,1,,,,-0.8857142857142858,-0.09732360097323602
cvns3sx,6,0,124,203,203,3,749625,12338,3,0,0.1602536848781444,-0.00814914417855594,0.007508878741755454,0.42857142857142855,0.015404261193686444
cvnsto8,3,1,19,1653,1450,6,748175,6898,3,0,-0.036652983018708694,0.037643106022896965,0.050684931506849315,0.2857142857142857,0.009818472428359398
cvntj31,3,2,37,2996,1343,3,746832,9492,3,0,0.042044098189253976,0.06593406593406594,0.05335255948089401,0.5142857142857143,0.013619919131730163
cvoceqm,2,0,14,32244,32244,3,717584,6898,3,0,-0.2513473275757534,-0.11541811846689894,0.0,0.0,-0.09544468546637744
cvogml2,2,0,39,39905,39905,3,709923,13255,3,0,0.07679103138651842,0.18211354309165528,0.1689497716894977,0.05714285714285713,0.025130987156303602
cvnu589,4,0,45,4085,4085,3,745743,57428,3,0,0.004545719108317296,0.009724402581545428,0.019126389247867664,0.4428571428571428,0.012851405622489959
cvnwxs7,3,0,11,8570,8570,3,741258,787,3,0,0.1690695263396618,0.05655634687892749,0.10136986301369863,-0.02857142857142855,-0.13524590163934427
cvnzgjx,2,1,11,12413,3843,3,737415,6898,3,0,0.48030145842085853,0.1318346287858484,0.08447488584474885,0.0,-0.09544468546637744
cvoef2y,2,0,9,35889,35889,3,713939,66127,3,0,-0.014696141745322102,-0.11881464914733016,0.0,-0.31428571428571433,-0.13859910581222057
cvokivx,1,0,87,46985,46985,3,702843,13581,3,0,0.047309678494086294,0.0039035122278946103,0.02090100268323683,0.12857142857142856,0.005801860974274778
cvnszg5,1,0,136,1987,1987,3,747841,679,3,0,0.012970405553525759,-0.028798211358354833,0.0136986301369863,0.05714285714285713,0.0172585163097497
cvoi39h,5,1,8,42529,40542,1,707299,70136,3,0,-0.09849118273031315,-0.12737262737262736,0.0,-0.39999999999999997,-0.1258741258741259
