comment_id,score,depth,length,time_since_submission,time_since_parent,parent_score,age,karma,submission_score,urls,alignment_content,alignment_syntax_3,alignment_syntax_4,alignment_features_binary,alignment_features_frequency
cvojfi7,9,0,224,22600,22600,11,704691,2341,11,0,0.006233153638814014,0.016616668518449937,0.0,0.11428571428571425,0.005373989218328851
cvojygh,3,1,87,23572,972,9,703723,5739,11,0,0.010224604217930146,-0.0033670033670033664,0.0,0.07142857142857141,0.020864934101864033
cvosjkq,3,2,393,51745,28173,3,675550,2341,11,0,-0.013418791108550574,-0.008759804819558013,0.0,0.11428571428571425,-0.0007033462960295833
cvp3zn0,1,3,161,74952,23207,3,652343,5739,11,0,-0.03229381911008841,-0.02356902356902357,0.0,0.07142857142857141,0.018651754977140667
cvp4ekm,2,4,183,75580,628,1,651715,2341,11,0,0.038027975392652166,0.0007194106218862398,0.004672897196261682,0.11428571428571425,0.041844520053613776
cvo6nfd,14,0,81,634,634,11,726661,23034,11,0,0.02555603593217082,-0.00537958847252068,0.0,0.028571428571428564,0.00605274535235624
cvo7ji0,3,1,64,1987,1353,14,725308,5739,11,0,-0.006737400890626679,-0.023569023569023566,0.0,-0.07142857142857144,0.01942815249266862
cvoi2j6,1,2,86,20106,18119,3,707189,26191,11,0,0.011869498539946637,0.012252488786784817,0.0,0.31428571428571433,-0.008035545471733782
cvollbo,1,3,71,26642,6536,1,700653,5299,11,0,-0.07039903753518777,0.0659491400232141,0.012987012987012986,0.11428571428571425,-0.026963583301611457
cvopokw,2,3,142,38541,18435,1,688754,5739,11,0,0.05708302164458457,0.01885521885521886,0.018292682926829267,0.07142857142857141,-0.02810705877493702
cvo8ww8,9,2,69,4096,2109,3,723199,23034,11,0,0.020188349405064015,-0.016249153689911984,0.0,0.028571428571428564,0.0398691704731292
cvoav3b,3,3,86,7244,3148,9,720051,5739,11,0,0.02596608748146633,-0.0033670033670033677,0.0,0.07142857142857141,-0.0009206847166337018
cvoyelu,1,4,100,65880,58636,3,661415,59866,11,0,0.06646646646646645,0.050268817204301076,0.01680672268907563,0.6285714285714284,0.027927927927927934
cvob7wn,5,4,58,7835,591,3,719464,23034,11,0,-0.04894375121129448,0.015000846310088032,0.0,0.028571428571428564,0.08459680665503823
cvoiaoq,3,0,25,20518,20518,11,706781,12339,11,0,0.20711271850512356,-0.019685039370078743,0.0,0.014285714285714282,0.007884267631103073
cvopyg4,3,0,58,39691,39691,11,687612,667,11,0,0.04667053219186648,0.0028706688154713955,0.014925373134328358,0.04285714285714285,0.014853849039871761
cvoba3i,23,0,159,7933,7933,11,719374,33822,11,0,0.17669961066187484,-0.005033207503145756,0.0,0.14285714285714285,0.015402387370042347
cvoc2ns,1,1,174,9304,1371,23,718003,5739,11,0,0.08685295670835162,-0.013312613312613315,0.0,0.07142857142857141,0.026612060538645635
cvomypf,6,1,97,29814,21881,23,697493,27734,11,0,0.14566281370405082,-0.009740259740259744,0.0,0.3,0.027366447985004705
cvoxmux,7,2,47,64546,34732,6,662765,4168,11,0,0.035008670422578186,-0.02239413680781759,0.0,-0.1285714285714286,-0.007425718293556205
cvofds4,24,1,10,15283,7350,23,712028,911,11,0,-0.07657657657657659,-0.01607717041800643,0.0,-0.4142857142857143,0.06486486486486487
cvoguga,-1,2,14,17904,2621,24,709411,46841,11,0,-0.0496031746031746,-0.014084507042253523,0.0,-0.2714285714285714,0.12444196428571427
cvokxw5,0,3,25,25356,7452,-1,701963,6644,11,0,0.07780230561687514,-0.020408163265306124,0.0,0.17142857142857143,-0.101280353200883
cvolcms,12,4,95,26159,803,0,701164,46841,11,0,-0.009502923976608187,-0.014084507042253523,0.0,0.1571428571428571,0.046998355263157904
cvor44i,0,5,20,45133,18974,12,682190,33891,11,0,0.01538862806468439,-0.009302325581395349,0.0,0.29999999999999993,-0.04389671361502347
cvoi16s,4,2,2,20040,4757,24,707287,5739,11,0,-0.23243184533507114,-0.023569023569023566,,-0.9285714285714286,-0.10557184750733138
cvo7mnw,5,0,113,2122,2122,11,725205,31039,11,0,0.01276631799595151,0.03513788541772668,0.024390243902439022,0.0857142857142857,0.008920046394494188
cvocv32,5,1,13,10642,8520,5,716685,14074,11,0,-0.11943063273861754,0.04356435643564356,0.0,-0.21428571428571427,-0.03334308277274056
cvoeme7,2,2,21,13865,3223,5,713462,31039,11,0,0.06099406533874312,0.032205334098078575,0.0,-0.05714285714285716,-0.028585221199268998
cvojk3p,3,3,57,22829,8964,2,704498,14074,11,0,0.06800376522209622,-0.0231023102310231,0.0,0.21428571428571425,0.03008471749716496
cvojqm3,7,4,53,23158,329,3,704169,31039,11,0,0.06898048841950578,-0.013249211356466877,0.0,0.0857142857142857,-0.010615769267552908
cvokcan,1,5,66,24287,1129,7,703040,5739,11,0,-0.04724666014988594,0.002746765904660642,0.0,-0.07142857142857144,0.0004887585532746819
cvokpny,1,6,84,24932,645,1,702395,31039,11,3,-0.005143500798823015,-0.013249211356466877,0.0,0.0857142857142857,-0.016680459294507094
cvok3yj,2,5,83,23864,706,7,703463,14074,11,0,0.049450018069744126,0.00915575428510593,0.0,0.21428571428571425,-0.0500251958403958
cvokjro,2,6,33,24645,781,2,702682,31039,11,0,0.03213403647871425,-0.013249211356466879,0.0,-0.2,-0.03291422552827332
cvomvyi,1,7,16,29630,4985,2,697697,14074,11,0,-0.13545627376425856,-0.0231023102310231,0.0,-0.07142857142857142,0.01473384030418251
cvonlpb,1,8,40,31486,1856,1,695841,31039,11,0,0.07422157856625633,-0.013249211356466875,0.0,0.0857142857142857,-0.023823316437364225
cvov1wj,1,9,28,59372,27886,1,667955,14074,11,0,0.15224213893415411,0.008147689768976903,0.0,0.21428571428571425,-0.07455187398153178
cvovywl,1,10,21,61373,2001,1,665954,31039,11,0,0.008084012428690184,-0.013249211356466875,0.0,-0.2,0.01903382641977862
cvpavyo,1,11,235,85199,23826,1,642128,14074,11,0,-0.0015910255373082027,-0.0047199572898466305,0.0,0.21428571428571425,0.05143596796375699
cvpb24m,1,12,128,85445,246,1,641882,31039,11,0,-0.03862564365596589,0.01396167299727462,0.00684931506849315,0.0857142857142857,0.008989183562635769
cvpei44,1,13,149,90755,5310,1,636572,14074,11,0,-0.011015557880589642,0.0008497855773601309,0.012048192771084336,0.21428571428571425,0.04409625641156506
cvpf2sh,1,14,157,91707,952,1,635620,31039,11,2,-0.012473396663750748,0.003796243188987666,0.005714285714285714,0.0857142857142857,0.022673498849259968
cvpibx3,1,15,312,97367,5660,1,629960,14074,11,1,-0.012593025901010689,-0.011960248949686052,0.0,0.21428571428571425,0.040374865945208144
cvpjtab,1,16,191,99985,2618,1,627342,31039,11,1,-0.05230547204456392,-0.003859539994964529,0.0,0.0857142857142857,0.03848034848410174
cvplry0,1,17,159,103310,3325,1,624017,14074,11,0,0.05365972903098954,0.004370217241504373,0.011049723756906077,0.21428571428571425,0.028098620178396344
cvog8ns,2,0,31,16818,16818,11,710509,2,11,0,0.18188057652711054,-0.020833333333333336,0.0,0.42857142857142855,0.011667810569663692
cvogwcr,2,0,91,18001,18001,11,709330,2065,11,0,0.07857845942224505,0.006975467866747162,0.010638297872340425,0.2571428571428571,0.007737416517348106
cvoo9au,2,0,88,33417,33417,11,693914,39213,11,0,0.04532653726202111,0.007932081551713452,0.0,0.2285714285714286,-0.045035609551738576
cvoaiup,3,0,45,6687,6687,11,720648,14125,11,0,0.23770663318685914,0.06171171171171172,0.0425531914893617,0.35714285714285715,0.032015065913370985
cvoaq8b,1,1,123,7022,335,3,720317,5739,11,0,0.11987167770015923,0.041179177869825355,0.021739130434782608,0.07142857142857141,-0.04053119710082731
cvob1ey,0,2,106,7536,514,1,719803,14125,11,0,0.08000805410463227,0.020045045045045045,0.008403361344537815,0.35714285714285715,0.052979426500373086
cvobvi7,0,3,222,8956,1420,0,718383,5739,11,0,0.027828414925189122,-0.007882749059219646,0.003937007874015748,0.07142857142857141,-0.0019682439037277816
cvod1r8,1,4,138,10978,2022,0,716361,14125,11,1,0.07560250006823331,0.01811347771612672,0.0,0.35714285714285715,0.07307786784573815
cvokhsb,1,5,88,24548,13570,1,702791,5739,11,0,-0.017785380688606512,-0.004338254338254338,0.0,0.07142857142857141,-0.01466275659824047
cvomq2x,1,6,78,29225,4677,1,698114,14125,11,0,0.03162876044231977,0.0006006006006005994,0.0,0.35714285714285715,0.03628857018687527
cvonz6a,1,7,20,32565,3340,1,694774,5739,11,0,-0.010209623112848919,-0.02356902356902357,0.0,-0.21428571428571427,0.04442815249266861
cvoo3qj,0,8,49,32941,376,1,694398,14125,11,0,0.044710916381618546,-0.0016216216216216228,0.0,0.35714285714285715,0.08416926092470885
cvoosr2,1,9,173,35192,2251,0,692147,5739,11,0,0.06300810328406824,0.0022041723072650844,0.010362694300518133,0.07142857142857141,-0.01308629837438341
cvopatp,0,10,75,37035,1843,1,690304,14125,11,0,-0.06352793471437539,-0.010127368748058403,0.0,0.35714285714285715,0.08090395480225988
cvoplvw,1,11,68,38235,1200,0,689104,5739,11,0,-0.1017128910867051,0.0038282367049490363,0.0,-0.07142857142857144,-0.0026306710367431513
cvopp0k,-1,12,26,38590,355,1,688749,14125,11,0,0.11709884591240521,0.055301455301455305,0.0,0.21428571428571427,-0.0021729682746631923
cvopven,1,13,76,39344,754,-1,687995,667,11,0,-0.05062731011505024,-0.01463633398564905,0.0,0.04285714285714285,-0.013730542974647306
cvopybi,0,14,71,39677,333,1,687662,14125,11,0,0.11529313988134708,0.0021879021879021867,0.0,0.35714285714285715,0.0054109970557810055
cvp5j4e,1,15,388,77260,37583,0,650079,667,11,0,0.03995567656126253,0.01057680803972005,0.010940919037199126,0.04285714285714285,-0.00016570303975853296
cvpe51j,0,16,140,90162,12902,1,637177,14125,11,0,0.008429737243296554,-0.009275942609275943,0.0,0.35714285714285715,0.028046811945117017
cvpv8ks,1,17,20,123825,33663,0,603514,667,11,0,0.03709198813056379,-0.02654109589041096,0.0,0.04285714285714285,-0.055835806132542035
cvpvfof,0,18,14,124578,753,1,602761,14125,11,0,0.0560487848623442,0.0498069498069498,0.0,0.07142857142857144,-0.07909604519774012
cvqw28d,1,19,9,195403,70825,0,531936,667,11,0,0.0062277905996996254,-0.02654109589041096,0.0,-0.38571428571428573,-0.10583580613254204
cvqznsu,0,20,19,203274,7871,1,524065,14125,11,0,0.05187167542207683,-0.021621621621621623,0.0,0.07142857142857142,0.07879869164436513
cvopqu0,1,13,13,38801,211,-1,688538,5739,11,0,-0.14696175986498564,-0.02356902356902357,0.0,-0.07142857142857144,-0.028648770584254454
cvoodvp,2,1,35,33825,27138,3,693514,39213,11,0,0.09114183307731695,-0.01226993865030675,0.0,0.2285714285714286,-0.021658986175115205
cvopeba,0,2,26,37403,3578,2,689936,14125,11,0,0.03162876044231977,-0.021621621621621626,0.0,0.21428571428571427,0.03628857018687527
cvopfkm,2,3,13,37540,137,0,689799,39213,11,0,0.06183780377328763,0.07863915225878415,0.0,-0.05714285714285716,-0.05902162353775256
cvopg6m,1,4,3,37607,67,2,689732,14125,11,0,0.5586942875078468,-0.021621621621621623,0.0,-0.21428571428571427,-0.07909604519774012
cvo7cxw,4,0,49,1711,1711,11,725628,15460,11,0,0.17063153956082103,0.0012697100336620797,0.0,0.1857142857142857,-0.02519576419036798
cvo7skc,2,1,66,2367,656,4,724972,5739,11,0,0.12110350820028236,0.01590466064150274,0.013333333333333332,0.07142857142857141,0.030791788856304972
cvo83f1,3,2,141,2826,459,2,724513,15460,11,0,0.22547144242504003,0.01576709837179234,0.012658227848101264,0.1857142857142857,-0.006669204630373779
cvo8pph,1,3,49,3785,959,3,723554,2833,11,0,0.19316368522717733,0.0,0.0,0.32857142857142857,-0.09674981103552532
cvodsyv,0,4,38,12385,8600,1,714954,15460,11,0,0.10021740899631451,-0.0156794425087108,0.0,0.04285714285714285,-0.02197342262216176
cvojhq3,2,5,60,22710,10325,0,704629,5183,11,0,0.10714285714285715,0.04589206349206349,0.016129032258064516,0.1142857142857143,0.024999999999999994
cvojonz,1,6,27,23057,347,2,704282,15460,11,0,0.09588559179900023,-0.015679442508710804,0.0,0.04285714285714285,-0.01612546940578749
cvokcus,2,7,21,24316,1259,1,703023,5183,11,0,-0.011904761904761895,-0.017600000000000005,0.0,0.11428571428571431,0.06547619047619047
cvope04,1,8,15,37372,13056,2,689967,5739,11,0,-0.08428369718692302,-0.023569023569023566,0.0,-0.35714285714285715,0.02776148582600195
cvody1r,2,5,62,12649,264,0,714690,2833,11,0,0.21145056987350896,0.0,0.0,0.32857142857142857,-0.0730500085338795
cvoaieg,3,3,565,6665,3839,3,720674,5739,11,0,0.0035563552548993536,0.0029107272097926317,0.0046801872074883,0.07142857142857141,0.0077024887758544575
cvoe14r,0,4,316,12815,6150,3,714524,15460,11,0,0.008241689105871107,0.00027800429979983816,0.0,0.1857142857142857,-0.02597075773208847
cvojd00,2,5,400,22471,9656,0,704868,5739,11,0,-0.06298740089062671,0.006409563154745169,0.008583690987124463,0.07142857142857141,0.02192815249266862
cvojg6r,0,6,74,22634,163,2,704705,15460,11,0,-0.012000071642218765,-0.003914736626357861,0.0,0.1857142857142857,-0.005614958895276967
cvoju76,1,7,126,23347,713,0,703992,5739,11,0,-0.09133837090826336,0.0180976430976431,0.0,0.07142857142857141,0.045221803286319404
cvoofhz,2,7,40,33969,11335,0,693370,39213,11,0,-0.027905785970302105,0.012120305252132276,0.0,0.2285714285714286,0.014055299539170507
cvo89ub,6,1,78,3098,1387,4,724241,3367,11,0,0.136021276163794,0.01326448856049141,0.01075268817204301,0.2714285714285714,-0.030452524514282237
cvo9518,1,2,21,4461,1363,6,722882,13651,11,0,0.018486644992669086,-0.01328125,0.0,-0.028571428571428564,0.08032128514056223
cvo9dzu,5,3,40,4857,396,1,722490,3367,11,0,-0.03919239904988125,0.07071129707112969,0.02040816326530612,0.2714285714285714,0.04198337292161519
cvooprg,0,4,135,34904,30047,5,692443,13651,11,0,0.08668182429895949,-0.006569840604026846,0.0,0.2571428571428572,0.008363613182890292
cvog9l4,2,0,41,16864,16864,11,710483,13255,11,0,0.24468653366461335,-0.019607843137254905,0.0,0.19999999999999998,-0.07868389714638557
cvombgp,2,0,193,28255,28255,11,699092,2952,11,0,0.03394701703303824,0.0026007368754480437,0.0,0.14285714285714282,0.005133874074275013
cvohnhf,3,0,74,19371,19371,11,707976,13096,11,0,0.13063472191537584,0.04746000467586254,0.01282051282051282,0.17142857142857143,-0.049709109654613726
cvo6fz3,0,0,28,323,323,11,727024,2833,11,0,0.17048794826572605,0.0,0.0,0.04285714285714285,-0.13756613756613756
cvo6m7w,1,1,13,582,259,0,726765,5739,11,0,0.10944849654527072,0.0597643097643098,0.0,-0.07142857142857144,0.04827430633882247
cvo6myn,0,2,25,614,32,1,726733,2833,11,0,0.0752498530276308,0.0,0.0,0.1857142857142857,-0.017566137566137563
cvo7k05,3,1,47,2007,1684,0,725340,6218,11,0,-0.016108098085569917,0.017539125742039932,0.019999999999999997,0.39999999999999997,0.03942428035043803
cvo6ky7,6,1,36,529,206,0,726822,444,11,0,0.18835461378248666,-0.009422850412249703,0.0,-0.1285714285714286,0.0383048084759576
cvo6pj5,-3,2,43,725,196,6,726626,2833,11,0,0.08558577034029231,0.02040816326530612,0.0,0.18571428571428572,0.001968746154792672
cvo7hjg,3,3,36,1904,1179,-3,725447,31039,11,0,0.16681417115884892,-0.013249211356466879,0.0,-0.05714285714285716,-0.0404899831040309
cvodvwc,2,4,13,12535,10631,3,714816,4526,11,0,0.09496676163342829,0.0,0.0,0.3,-0.04807692307692307
cvoeilr,1,5,9,13676,1141,2,713679,31039,11,0,-0.08009940908806464,-0.013249211356466879,0.0,-0.19999999999999998,-0.12382331643736423
cvocvj8,6,4,103,10663,8759,3,716692,2341,11,0,0.05270603081557468,-0.004059765823601278,0.0,0.11428571428571425,0.01261220003663674
cvod4hj,0,5,38,11119,456,6,716236,31039,11,0,-0.057357368802164715,-0.013249211356466879,0.0,0.0857142857142857,0.06038720987842523
cvo6y3h,4,3,44,1083,358,-3,726272,444,11,0,0.09576202118989409,-0.009422850412249703,0.0,0.1571428571428571,0.008001778172927299
cvo7dlp,1,0,68,1738,1738,11,725617,23533,11,0,0.09375334833386906,-0.00047859975386298193,0.0,0.3714285714285714,0.05962712954034073
cvoopvk,1,0,248,34917,34917,11,692442,11864,11,0,0.0050308486260835445,0.0022771633051398826,0.0,0.1571428571428571,0.017775140800840167
cvp5cec,1,1,367,76975,42058,1,650388,2341,11,0,0.010085171285109593,0.006183397977948556,0.0024330900243309003,0.11428571428571425,0.005945709732147447
cvp9zdz,1,2,449,83867,6892,1,643496,11864,11,0,0.008084228897654769,-0.01204115684093437,0.00202020202020202,0.1571428571428571,0.003056051785824715
cvpcha8,1,3,547,87536,3669,1,639827,2341,11,0,0.026772676577788496,0.008505052684575826,0.003350083752093802,0.11428571428571425,0.02420233865682453
cvpniyn,1,4,1289,106265,18729,1,621098,11864,11,0,0.012211820233091829,0.005869047332579348,0.004189944134078212,0.1571428571428571,0.008693957588047058
cvpyeju,1,5,454,137591,31326,1,589772,2341,11,1,0.010625329011165602,0.014488694527020942,0.005952380952380952,0.11428571428571425,0.021166154101903423
cvop9u6,2,1,400,36932,2015,1,690431,5739,11,0,0.01756815466492886,0.0052558101338589115,0.0044444444444444444,0.07142857142857141,0.011928152492668612
cvpb1tv,1,2,1072,85434,48502,2,641929,11864,11,0,0.0066691624333910775,0.0023521351906828024,0.004142502071251036,0.1571428571428571,-0.007020237148124692
cvod2nd,-4,0,23,11024,11024,11,716339,4015,11,0,0.12652403956751782,0.038140374633265625,0.0,0.2714285714285714,-0.007660455486542456
