comment_id,score,depth,length,time_since_submission,time_since_parent,parent_score,age,karma,submission_score,urls,alignment_content,alignment_syntax_3,alignment_syntax_4,alignment_features_binary,alignment_features_frequency
cvoum4f,4,0,47,53404,53404,14,668962,61491,14,0,0.32418812989921614,0.2219659517350248,0.23334639498432605,0.35,0.06868234415826802
cvovt7b,1,1,61,56143,2739,4,666223,43399,14,0,0.04957951884181394,0.10629347100355929,0.0942813717108388,0.2,0.02075793059399618
cvp7rhr,3,2,69,75687,19544,1,646679,61491,14,1,0.15675057208237986,0.05505758838968663,0.0840887909853427,0.35,0.05110602593440122
cvq5cvb,1,3,49,148259,72572,3,574107,13875,14,1,-0.03762343647136277,-0.09942471691096329,0.0460931150586323,-0.05,0.10780118499012509
cvp86st,2,3,80,76327,640,3,646043,43399,14,0,-0.03433441558441563,-0.04585388047434551,0.0,0.2,0.002110389610389618
cvp9xur,3,4,183,78902,2575,2,643468,61491,14,1,0.1738567730802416,0.09714932825305274,0.07353946993445425,0.35,0.030198446937014678
cvpabm2,2,5,63,79472,570,3,642898,43399,14,0,0.03084415584415579,0.11743469582573994,0.07320671215194541,0.2,0.032467532467532464
cvov53m,2,0,6,54682,54682,14,667688,22774,14,0,0.008064516129032391,-0.003499516398487831,0.0,-0.4375,0.04301075268817203
cvohwsg,1,0,8,14925,14925,14,707449,2833,14,1,0.369047619047619,0.09835788378369598,0.0,-0.25,-0.012566137566137559
cvoeue2,0,0,18,9376,9376,14,712998,66127,14,0,0.2056631892697467,-0.2671048693449983,0.0,0.03749999999999999,-0.027487994701109464
cvofusd,2,1,28,11228,1852,0,711146,1579,14,0,-0.2056398657522254,0.13105261639813326,0.08582855907469462,0.1125,-0.11542390194075587
cvogd4j,-3,2,50,12143,915,2,710231,66127,14,0,0.1456631892697466,-0.13703950986787403,0.06328037830083418,0.2875,-0.03859910581222056
cvohv1c,4,3,30,14843,2700,-3,707531,5755,14,0,0.06138996138996146,0.057411608306749025,0.038891065830721,0.037500000000000006,-0.008108108108108109
cvoi1g4,-3,4,83,15151,308,4,707223,66127,14,0,0.05204873143842131,0.06065983653735461,0.08799594693011621,0.2875,-0.03016537087246153
cvoii6u,2,5,59,16001,850,-3,706373,5755,14,0,0.2749492834238599,0.1592809807643566,0.11667319749216301,0.037500000000000006,-0.02336234539624371
cvolxff,5,6,102,22465,6464,2,699909,7683,14,0,0.14913238022481728,0.15026501867631076,0.05555866547245857,0.012499999999999997,0.003419549638037034
cvpbv2f,0,7,37,81707,59242,5,640667,66127,14,0,0.3070145406210979,0.04505199340009978,0.06382123623502933,0.03749999999999998,0.023563056349941602
cvpcy1p,1,8,58,83361,1654,0,639013,7683,14,0,0.09284434777045615,0.08587868143208699,0.038891065830721,0.012499999999999997,0.09503550636555562
cvpddke,0,9,76,84034,673,1,638340,66127,14,1,-0.011442073888148144,-0.018468298437565492,0.029282684860778167,0.2875,0.05876931524041101
cvpeo70,1,10,85,86130,2096,0,636244,7683,14,0,0.17560296846011125,0.0817915211997453,0.09367310479657531,0.012499999999999997,0.08185092218705665
cvph5yk,1,11,66,90394,4264,1,631980,66127,14,0,0.06929955290611027,-0.05379767980251457,0.0840887909853427,0.2875,0.01291604570293095
cvphvpf,1,12,102,91658,1264,1,630716,7683,14,2,0.10501473316599358,0.08416353383458657,0.05605919399022847,0.012499999999999997,0.023027392775291936
cvpjcpv,0,13,43,94292,2634,1,628082,66127,14,0,-0.2303833223581602,0.005236067029551537,0.10370950888192268,0.2875,-0.06883166395175545
cvogn5w,5,1,86,12647,3271,0,709727,199,14,0,0.24997100272574393,-0.06740545433771894,0.03889106583072101,0.22500000000000003,-0.014208664385547756
cvoh6c6,-4,2,217,13603,956,5,708771,66127,14,1,0.12617010171214293,-0.09441568121994907,0.04014561634138942,0.2875,-0.028000027471206737
cvohzi6,9,3,28,15057,1454,-4,707317,2833,14,0,0.261904761904762,0.14171300360940398,0.0921862301172646,0.25,-0.03042328042328042
cvoidcr,-3,4,28,15751,694,9,706623,66127,14,1,0.04494890355546093,-0.08501336607702431,0.04291427953734731,0.03749999999999999,0.0756866084734937
cvoj4gm,9,5,38,17144,1393,-3,705230,20209,14,2,-0.0567109262517998,-0.11717255946352799,0.0,0.09999999999999999,-0.010265024262784639
cvoj9ha,5,6,54,17395,251,9,704979,66127,14,1,0.23344096704752457,0.08982859256435555,0.08296760710553813,0.2875,0.009549042335927571
cvojcuh,3,7,23,17562,167,5,704812,20209,14,0,0.12177877626536265,0.22692593574851036,0.10370950888192268,-0.02500000000000001,-0.05488744989207525
cvoju7k,3,8,42,18447,885,3,703927,66127,14,0,0.20566318926974655,-0.019980686338462304,0.052958047088641366,0.2875,0.0518770846639699
cvowu4l,5,3,17,58187,44584,-4,664187,1205,14,0,-0.2634381338742391,0.00864767613756365,0.077782131661442,0.012499999999999997,-0.07719179625873339
cvogc3n,-7,0,8,12091,12091,14,710287,13255,14,0,-0.1919077757685353,-0.3340894527745737,0.0,-0.3875,-0.10307414104882459
cvol1m2,-2,1,72,20659,8568,-7,701719,88725,14,0,-0.026717557251908424,-0.08135054919560643,0.0,0.35,0.05491942324003393
cvot6fj,2,2,47,49194,28535,-2,673184,13255,14,0,0.262879458274018,0.14370166367200468,0.15556426332288403,0.11249999999999998,0.003308837674579665
cvoi1ib,2,1,14,15154,3063,-7,707224,5813,14,0,0.23,0.36018099547511323,0.20741901776384536,-0.3375,-0.04590476190476191
cvoiggy,-4,2,13,15912,758,2,706466,13255,14,0,0.010015301154541615,0.31623734461104713,0.2262752921060131,-0.2625,0.05077201279732926
cvoil00,1,2,25,16149,995,2,706229,5755,14,0,0.18138996138996147,0.3994016444144323,0.14934169278996867,-0.0875,0.13189189189189188
cvouj94,1,3,31,53200,37051,1,669178,61491,14,0,-0.03820033955857377,-0.10861384775233784,0.034569836293974227,0.1,-0.05829088851160158
cvox401,0,4,88,58696,5496,1,663682,27430,14,1,0.08863636363636353,0.15692092961654247,0.09956112852664577,0.1875,0.026704545454545453
cvoz52m,1,5,133,62177,3481,0,660205,61491,14,0,0.12406015037593979,0.0785217284081101,0.1177243073794798,0.35,0.09523809523809523
cvp0a2f,0,6,18,64294,2117,1,658088,27430,14,0,-0.19166666666666654,0.3330886640370434,0.06550074245174063,-0.3125,-0.08819444444444444
cvp7o7s,1,7,20,75549,11255,0,646833,61491,14,0,-0.0986842105263158,0.005632751788379362,0.0,-0.02500000000000001,-0.12280701754385964
cvpl118,1,8,51,97140,21591,1,625242,27430,14,1,-0.024999999999999998,-0.00023137584331555695,0.06437141930602097,0.062499999999999986,-0.08492647058823528
cvpayah,1,5,79,80391,21695,0,641991,36675,14,0,0.26805658972449753,0.0020250617656075924,0.043924027291167254,0.125,-0.0013700670141474358
cvpfdgt,1,6,131,87312,6921,1,635070,27430,14,1,0.13912213740458,0.1865660549934259,0.11081289990123244,0.1875,-0.013979007633587781
cvq2t9j,1,7,108,143943,56631,1,578439,36675,14,1,0.12336601307189551,0.057401726444597824,0.09655712895903147,0.25,0.014335511982570798
cvowjss,0,4,12,57642,4442,1,664740,5755,14,0,-0.038610038610038595,-0.06082962758154565,0.0,-0.4625,-0.10810810810810811
cvoiv22,3,3,37,16667,518,1,705715,15460,14,0,0.11485143194884753,-0.0005438272870124015,0.0,0.075,0.061952608672290604
cvot2xs,0,4,24,48853,32186,3,673529,69014,14,0,0.07747005988023949,0.00014860366692620298,0.047865927176272006,-0.0625,0.09181636726546906
cvouk0j,-1,5,23,53255,4402,0,669127,61491,14,0,-0.0823798627002288,-0.05939992795018272,0.10821861796374539,0.10000000000000002,-0.07932875667429443
cvouooz,0,6,24,53585,330,-1,668797,69014,14,0,0.014970059880239316,-0.06591634082939087,0.0,0.1875,0.0501497005988024
cvoy5pe,0,7,30,60553,6968,0,661829,4865,14,0,0.22165991902833995,0.002527585933158649,0.08582855907469462,0.325,0.04520917678812415
cvoydvp,-1,8,49,60944,391,0,661438,30743,14,0,0.022913899287525706,0.044426191529243333,0.04444693237796686,0.3375,0.01594010385219176
cvoytxx,1,9,29,61680,736,-1,660702,4865,14,0,0.14407371213178843,0.0248245047006657,0.0,0.325,0.016473544604216114
cvoyyar,0,10,22,61878,198,1,660504,30743,14,0,0.3582571274878965,-0.011582814944159456,0.0,0.3375,-0.015599784830554062
cvoyl8v,0,8,57,61282,729,0,661100,69014,14,0,0.25181216514339755,0.00949970794305934,0.05572451223506293,0.3125,0.06550057779178485
cvpeovp,1,5,20,86163,37310,0,636219,15460,14,0,0.06620278330019883,0.2075607478763862,0.18667711598746084,-0.30000000000000004,-0.02723658051689859
cvpfxvv,1,6,5,88284,2121,1,634098,69014,14,0,0.11497005988023969,-0.2888855285044608,0.0,-0.3125,-0.0748502994011976
cvoj27o,4,4,65,17030,363,3,705352,5755,14,0,0.13062073062073057,0.086200778783899,0.07320671215194541,0.037500000000000006,0.01496881496881497
cvok5x4,3,5,13,19059,2029,4,703323,37239,14,0,0.19478293983244477,0.17417828307793698,0.09573185435254401,-0.4375,0.19630616907844634
cvojoqp,-1,0,186,18160,18160,14,704222,1205,14,0,0.09329810901001101,-0.02092600853992736,0.0541093089818727,0.012499999999999997,0.0037696205660610327
cvovvxl,1,1,32,56299,38139,-1,666083,43399,14,0,0.20941558441558433,-0.02216340428386925,0.036603356075972704,0.075,-0.016639610389610385
cvow9p0,0,2,106,57076,777,1,665306,1205,14,0,0.0628659726740403,0.004690312258949284,0.07575303257462178,0.012499999999999997,-0.06997758982144149
cvolfwa,4,1,18,21435,3275,-1,700947,61178,14,0,0.3309507601542999,0.30521545041346,0.062225705329153606,0.125,-0.12185159972770593
cvolyd3,-3,2,52,22521,1086,4,699861,1205,14,0,-0.010610079575596728,0.3292075650981328,0.1501999783807156,-0.1125,-0.020630710285882703
cvon3me,4,3,62,25261,2740,-3,697121,61178,14,0,-0.0910922505983881,-0.061389318835063385,0.028284411513251638,0.25,-0.025077406179318834
cvownd4,1,4,121,57833,32572,4,664549,1205,14,0,0.028248788828726116,-0.024992937719115173,0.0765854834820352,0.012499999999999997,-0.02857730914157247
cvoq97h,-1,0,13,36116,36116,14,686266,13159,14,0,0.2267904509283821,0.18924764169031355,0.0,-0.16249999999999998,-0.04376657824933687
cvpbx5d,1,1,20,81790,45674,-1,640592,66127,14,0,0.05566318926974664,0.26559760294826673,0.16970646907950984,0.16249999999999998,-0.03859910581222056
cvpc5tk,1,2,23,82148,358,1,640234,13159,14,0,0.05622188905547224,0.009157143952757104,0.049780564263322884,0.3375,-0.07721139430284858
cvpdijy,1,3,42,84253,2105,1,638129,66127,14,0,0.0985203321268894,-0.0058431472648618555,0.02765586903517938,0.2875,-0.019551486764601528
