comment_id,score,depth,length,time_since_submission,time_since_parent,parent_score,age,karma,submission_score,urls,alignment_content,alignment_syntax_3,alignment_syntax_4,alignment_features_binary,alignment_features_frequency
cvowt9v,20,0,221,2625,2625,0,663536,38170,0,2,0.01163130223801742,-0.0541868132092041,0.01694915254237288,0.12499999999999999,0.03129681001311169
cvoxa1a,-5,1,138,3487,862,20,662678,28340,0,0,0.016825733474726087,-0.0320113962549734,0.026944806605823553,0.46249999999999997,-0.009057971014492752
cvoz1jp,15,2,118,6506,3019,-5,659662,38170,0,1,0.0332788361840218,-0.054078715011071324,0.024629237288135594,0.12499999999999999,-0.011804654823148769
cvp5jxs,2,3,95,16873,10367,15,649295,6803,0,0,-0.02813747411010063,-0.04297843776261043,0.020404805002468322,0.04999999999999999,-0.01566592537682235
cvozfl2,1,1,131,7141,4516,20,659027,7683,0,0,0.010790270983903456,0.08032765345541469,0.03090727816550349,0.012499999999999997,0.0656856774632129
cvozn6h,11,2,90,7546,405,1,658627,38170,0,1,0.09422458970935366,-0.05237400642651786,0.03184386235233693,0.12499999999999999,0.019833763255947268
cvp2a1x,2,3,129,11987,4441,11,654186,7683,0,0,0.005551831416834251,0.10762635341661037,0.04318551195727885,0.012499999999999997,0.006155527750212136
cvp2gir,7,4,53,12257,270,2,653916,38170,0,0,-0.06580506719098893,-0.014344905897417328,0.06779661016949153,0.12499999999999999,-0.0568957964924804
cvovkwd,9,0,77,134,134,0,666039,23034,0,0,0.3300206199798114,0.29562081546678703,0.3291811313048805,-0.07500000000000001,0.024811764111374993
cvovogu,1,1,40,349,215,9,665824,13532,0,0,0.07585920177383594,0.1776021711366539,0.10777922642329421,0.26249999999999996,0.12083333333333333
cvovra2,6,2,23,512,163,1,665661,23034,0,0,0.06206535149432023,-0.10646552411955255,0.0,-0.2,0.11233293858907122
cvoxcqb,1,1,12,3621,3487,9,662552,28340,0,0,-0.314430894308943,-0.19419587372607505,0.0,-0.03749999999999999,-0.04166666666666667
cvoyxlw,7,2,3,6328,2707,1,659845,23034,0,0,0.041033184650912706,-0.15907495172898006,0.0,-0.825,-0.10505836575875487
cvpfzdq,1,3,63,32834,26506,7,633339,16339,0,0,0.09606591875974628,0.1259962494139709,0.045689019896831246,0.35,-0.04252017380509002
cvpixzf,1,4,129,38042,5208,1,628131,19673,0,0,0.09208139885016424,0.01698006489831355,0.03002421307506053,0.024999999999999994,0.007482773471145565
cvpgi92,1,4,112,33725,891,1,632448,23034,0,0,0.049671396033026484,0.01408048717449023,0.03336023675006726,0.04999999999999999,0.0020844913841022716
cvovoun,7,0,34,371,371,0,665802,14676,0,0,0.22783454185893207,0.12217078189300415,0.03002421307506053,0.2625,-0.006359300476947535
cvovxdv,7,0,49,864,864,0,665309,19327,0,0,0.031478854138413066,-0.02817293057019085,0.041209704220671314,-0.2,0.06745692288891603
cvowr9v,-2,1,34,2522,1658,7,663651,36675,0,0,-0.02731707317073169,-0.08620025392624261,0.0,0.0,0.061176470588235304
cvowykj,5,2,25,2903,381,-2,663270,19327,0,0,0.2257645684241273,0.023465246067985772,0.0,0.175,0.06419161676646706
cvoyg04,0,3,232,5523,2620,5,660650,7683,0,1,0.07343833626424037,0.0153754779577148,0.021358688163152815,0.012499999999999997,0.013138954641417691
cvoyhur,1,4,22,5608,85,0,660565,19327,0,0,0.11494416931104531,-0.16171993911719942,0.0,0.049999999999999975,-0.004899292324442028
cvoz315,10,4,66,6570,1047,0,659603,38170,0,1,0.06197526721612873,0.02363950708699568,0.0719758532621314,0.12499999999999999,-0.052893509471325456
cvozycj,-4,5,73,8145,1575,10,658028,7683,0,0,0.0802934119004951,0.09099354288499024,0.06650933276121003,-0.1125,0.0012707449106666296
cvp02j7,8,6,24,8371,226,-4,657802,38170,0,0,0.12244274689092549,0.23367096711845586,0.23352165725047083,-1.3877787807814457e-17,-0.030166236744052735
cvp0kaa,-3,7,83,9330,959,8,656843,7683,0,0,0.3923810541500816,0.07714821233939088,0.05711127487103906,-0.1125,-0.022330509421731454
cvp16vm,5,8,34,10336,1006,-3,655837,38170,0,0,0.34652811274458395,0.14181323637183604,0.06004842615012106,-0.25,-0.05467604066562136
cvp1pbg,-5,9,68,11112,776,5,655061,7683,0,0,0.39135254988913526,0.2834323429864616,0.1605461393596987,0.012499999999999997,-0.00638437193059041
cvp20f5,3,10,127,11583,471,-5,654590,38170,0,1,-0.01039525963874615,0.025525258086221872,0.0450363196125908,0.12499999999999999,-0.02688539684903961
cvp2uyz,1,11,166,12852,1269,3,653321,7683,0,0,0.17382389869900888,0.1796861757352318,0.08613503751041955,0.012499999999999997,0.013814068891521564
cvp382z,2,12,296,13398,546,1,652775,38170,0,1,0.03419291168987072,0.052475496468707805,0.08705245211112225,0.12499999999999999,0.0013652947874788074
cvp3yun,1,13,184,14497,1099,2,651676,7683,0,0,0.11205774607153185,0.2638884365410227,0.13070242010287544,0.012499999999999997,0.030380333951762525
cvp44fa,3,14,162,14735,238,1,651438,38170,0,0,0.14259857344919113,0.11793022637771491,0.13286577050457823,0.12499999999999999,0.028475738564589237
cvp4fx1,1,15,115,15215,480,3,650958,7683,0,0,0.19092837173431024,0.14957543420253727,0.09553158705701079,0.012499999999999997,0.009728160038719041
cvp4mb4,2,16,112,15482,267,1,650691,38170,0,0,0.10948542981775478,0.02285747505496365,0.04415325452214784,0.12499999999999999,0.0025718584940425115
cvp4z2u,1,17,94,16007,525,2,650166,7683,0,0,0.10165353587771857,0.15255173097504116,0.08323544218828663,0.012499999999999997,-0.009513283069514072
cvp5p96,1,18,184,17097,1090,1,649076,38170,0,3,0.07512037149325845,0.0901730095013271,0.1094632768361582,0.12499999999999999,0.016935212531309585
cvp03r6,1,5,40,8438,1868,10,657735,7209,0,0,-0.07556479348752089,0.04032936311144753,0.025020177562550445,-0.05000000000000002,-0.019663648124191455
cvp1a39,6,6,16,10471,2033,1,655705,38170,0,0,0.12244274689092549,0.12489207544482717,0.05838041431261771,-1.3877787807814457e-17,-0.050999570077386064
cvp50x4,2,7,27,16082,5611,6,650094,7209,0,0,-0.22337418824813507,-0.045961613227408445,0.03184386235233693,-0.3,-0.008552537013080355
cvp53r5,1,8,27,16198,116,2,649978,38170,0,0,0.008226396394087187,-0.004324062543240627,0.03283898305084746,-1.3877787807814457e-17,-0.07646253304034903
cvpsm43,1,9,123,55179,38981,1,610997,7209,0,1,0.045370165862072605,0.03677788689362764,0.036742918098850295,0.07499999999999998,0.010417652688816684
cvq4416,0,10,75,90714,35535,1,575462,38170,0,0,0.10067445420799859,-0.052656300916129384,0.012973425402803933,0.12499999999999999,0.006500429922613932
cvqc6ch,1,11,85,102895,12181,0,563281,7209,0,0,0.03967910895150349,-0.04286694101508915,0.03216879972327914,0.07499999999999998,0.09210105775816148
cvp5kff,5,0,30,16894,16894,0,649282,33822,0,0,0.09033101045296178,0.16671554661750748,0.12737544940934772,-0.06250000000000001,-0.029251700680272108
cvovqbo,9,0,4,457,457,0,665719,1862,0,0,-0.08952328159645236,-0.13173742848539596,0.0,-0.5375,-0.12121212121212122
cvoyg3j,-8,1,20,5527,5070,9,660649,30743,0,0,0.23657454178092083,0.22341112370874286,0.1576271186440678,0.08750000000000001,0.09349112426035504
cvpfidj,1,2,12,32022,26495,-8,634154,7988,0,0,0.27119794022476607,0.07347066284488832,0.0,0.03749999999999999,-0.04006181645268664
cvpk522,0,3,12,40142,8120,1,626034,30743,0,0,0.0672655986914898,0.03050988914084152,0.0,-0.03749999999999999,-0.023175542406311644
cvq6usm,1,4,310,95099,54957,0,571077,7988,0,0,0.04649298349777938,0.03562879386266854,0.04930662557781202,0.1625,0.015314527633334865
cvq7f3g,1,5,152,95953,854,1,570223,30743,0,0,0.03225811045871281,0.04804636501065072,0.06605326876513316,0.3375,-0.020982559950171287
cvq9ifm,1,6,387,99034,3081,1,567142,7988,0,0,0.09307668226800041,0.024593254127662712,0.040973410045094076,0.1625,-0.014868018003074232
cvoytw9,9,2,87,6159,632,-8,660017,6740,0,0,0.09813441394602034,0.0689107173515096,0.06500087366765682,0.2875,-0.006941334527541421
cvp011q,10,2,17,8290,2763,-8,657886,19819,0,1,0.04948745139625311,0.11252572016460907,0.06181455633100698,0.22499999999999998,0.07985223074737142
cvp0e3k,-5,3,29,8993,703,10,657183,30743,0,0,-0.11622192583892788,0.002952569916855619,0.03090727816550349,0.2125,0.031422158743113646
cvp0i1g,9,4,33,9206,213,-5,656970,19819,0,0,0.1089848645522029,0.05557392710170491,0.0,0.22499999999999998,0.02459376372419851
cvp0jtu,-2,5,45,9305,99,9,656871,30743,0,0,0.002766953705040018,-0.0035315051946704368,0.02101694915254237,0.2125,-0.01761998685075608
cvp0znh,9,6,28,10028,723,-2,656148,271633,0,0,0.11347881899871626,-0.01228443487326734,0.0,0.26250000000000007,-0.018045112781954892
cvp1e3q,6,6,20,10640,1335,-2,655536,12645,0,0,-0.05431210749233241,-0.008571340093079215,0.09553158705701079,-0.22499999999999998,-0.007784431137724548
cvp4oiv,-1,7,24,15575,4935,6,650601,30743,0,0,0.006798119016693082,-0.07665746339688137,0.04041720990873533,0.2125,0.018491124260355027
cvp1b5l,7,6,119,10515,1210,-2,655661,2791,0,0,0.1706269382281452,0.04840161693734845,0.0716486902927581,0.22499999999999998,0.019817205232608492
cvp0wxi,12,4,22,9910,917,-5,656271,271633,0,0,0.2548313688878516,0.13410701586600948,0.04776579352850539,0.26249999999999996,0.04688995215311004
cvp1dss,9,2,346,10628,5101,-8,655553,38170,0,0,0.014440138685652665,-0.0027793988655890355,0.06823684789786484,-1.3877787807814457e-17,0.013668059980417396
cvoxrwa,8,0,121,4371,4371,0,661810,299,0,1,0.04685700757679242,0.03213121133813832,0.03090727816550349,0.024999999999999994,0.003975414343262373
cvpgd3y,0,1,209,33482,29111,8,632702,16339,0,1,0.1286899770577455,0.17765735257721996,0.06341320864991233,0.35,-0.048368127021464286
cvpiayt,1,2,37,36899,3417,0,629285,809,0,0,0.012385941782604173,-0.010521885521885502,0.06181455633100698,0.22499999999999998,-0.030374027278052038
cvpiguw,1,3,13,37191,292,1,628993,16339,0,0,-0.09884756883666816,-0.10548523206751052,0.0,0.1,-0.0767082079931242
cvphwo4,1,2,223,36188,2706,0,629996,299,0,0,0.04970749248011458,0.09292397937803888,0.09474854126146152,0.024999999999999994,-0.019928525174211592
cvpioex,2,0,250,37565,37565,0,628619,19673,0,5,0.09775127973501953,0.041873424955873415,0.12610169491525422,0.024999999999999994,-0.000796296296296295
cvpffit,1,0,174,31888,31888,0,634296,7988,0,1,0.17111383593544724,0.11695396525676222,0.11855714906562363,0.1625,-0.0027054946136061686
cvp0t4l,-8,0,35,9746,9746,0,656438,322,0,0,0.14211250983477577,0.07067143937344353,0.08520384791571232,0.42500000000000004,0.034331797235023054
cvp1ebn,6,1,35,10649,903,-8,655539,2791,0,0,-0.16108037884502555,0.1693637444784234,0.10777922642329421,0.09999999999999999,0.03998527245949926
cvp25eq,-8,2,21,11790,1141,6,654398,322,0,0,-0.13431025439286656,-0.17299327797548442,0.0,0.17500000000000002,0.005760368663594473
cvp3jdb,1,3,68,13865,2075,-8,652323,11223,0,0,-0.11269974768713206,-0.04527574848038663,0.01480066841728336,0.13749999999999998,-0.03252680382497827
cvp5j5q,2,3,14,16841,5051,-8,649347,4865,0,0,0.009232744149303855,0.018743439796071373,0.0,-0.05,0.09282822440717177
cvp29xo,9,3,42,11982,192,-8,654206,2791,0,0,0.032415556114324076,-0.023537490089477857,0.0,0.09999999999999999,0.01141384388807068
cvp6itk,-4,4,34,18319,6337,9,647869,322,0,0,-0.138375295043273,0.08420836811505059,0.06004842615012106,0.17500000000000002,-0.019449715370018966
cvp7526,2,5,51,19239,920,-4,646949,2791,0,1,-0.1098608666499036,-0.1135580662211651,0.0,0.22499999999999998,0.025419446128967044
cvp7bfl,-5,6,1,19505,266,2,646683,322,0,0,-0.47983870967741915,,,-0.575,-0.13709677419354838
cvp8xwa,2,7,102,21928,2423,-5,644260,2791,0,0,0.018187913837901252,0.01666377560198391,0.03562194771617352,0.22499999999999998,-0.043208004851425105
