comment_id,score,depth,length,time_since_submission,time_since_parent,parent_score,age,karma,submission_score,urls,alignment_content,alignment_syntax_3,alignment_syntax_4,alignment_features_binary,alignment_features_frequency
cvpitwu,5,0,198,1104,1104,5,626964,41997,5,0,0.07431304192366146,0.090571042230081,0.14240150524311052,0.0625,-0.026262626262626237
cvqelnp,2,1,93,69676,68572,5,558392,54232,5,2,0.2441299938398665,0.20956746677008506,0.08869087706574108,-0.012500000000000011,0.019558573853989805
cvpjtr9,13,0,237,2850,2850,5,625222,24415,5,0,0.033941808200224036,0.07287639411667962,0.06301036432160803,0.4125,-0.005346768082180237
cvpqxy4,-1,1,68,14911,12061,13,613165,10170,5,1,0.04166124414367517,-0.16189485741846033,0.0,0.19999999999999996,0.0001671122994652413
cvq8ojz,1,2,30,61085,46174,-1,566991,4015,5,0,-0.1162241887905604,0.012848694603808096,0.0,0.225,0.028571428571428553
cvqjr7c,2,2,48,77180,62269,-1,550896,21571,5,0,-0.21495545120703147,-0.011928501543343227,0.020290129894756804,0.26250000000000007,-0.03996598639455782
cvqkwuu,0,3,64,78980,1800,2,549096,10170,5,0,-0.19068030973451322,-0.07302199031920528,0.044807370184254604,0.19999999999999996,0.021306818181818177
cvqlt3x,2,4,132,80392,1412,0,547684,21571,5,0,-0.023449685586221604,0.04129096688080355,0.05155916569147106,0.26250000000000007,0.03957946815089673
cvqm4jj,0,5,156,80916,524,2,547160,10170,5,1,0.08241859541638302,-0.07758113192826417,0.03817906098540037,0.19999999999999996,0.014495920745920737
cvqmtgz,1,6,195,82084,1168,0,545992,21571,5,0,0.08342780270719591,-0.035212018978907446,0.030010517704803084,0.26250000000000007,0.03118785975928834
cvqo9ka,0,7,158,84596,2512,1,543480,10170,5,4,0.007585835106978817,-0.05175731617242147,0.036248659025464404,0.07499999999999998,0.006868527042577677
cvqof8v,1,8,160,84874,278,0,543202,21571,5,0,-0.055147191620010784,-0.0047643423324003785,0.029706543768566594,0.26250000000000007,0.018367346938775522
cvqokuu,0,9,55,85146,272,1,542930,10170,5,0,-0.15551588897827837,-0.052927995820019696,0.06617703904136064,0.07499999999999998,-0.0153409090909091
cvqpd96,1,10,43,86550,1404,0,541526,21571,5,2,-0.010549537781772502,0.023681583946343187,0.08603015075376885,0.1375,0.011390602752729004
cvqqheu,0,11,89,88483,1933,1,539593,10170,5,2,0.06672280501143481,-0.09322639138157313,0.05220276137971411,0.19999999999999996,0.0018194586312563765
cvqqvhb,1,12,129,89160,677,0,538916,21571,5,1,-0.010549537781772493,-0.03457411439163173,0.0444983538381563,0.26250000000000007,0.05015029267520964
cvq2b0s,9,2,35,50722,35811,-1,577354,18709,5,0,0.18145204984648725,0.09755579036214163,0.14532120059758252,0.1375,0.026530612244897972
cvq4oty,1,3,10,54917,4195,9,573163,10170,5,0,-0.25060840707964605,-0.26247965274009755,0.0,-0.425,-0.08806818181818182
cvqjwbl,2,4,10,77395,22478,1,550685,21571,5,0,-0.0551471916200108,-0.198196641027857,0.0,-0.36250000000000004,0.018367346938775522
cvqku5o,0,5,8,78860,1465,2,549220,10170,5,0,0.05448008849557524,-0.10531591005003917,0.0,-0.55,0.03693181818181818
cvqlb6b,1,6,20,79602,742,0,548478,21571,5,0,0.03202094997290953,0.08755561840861295,0.05120842306771955,-0.11250000000000002,0.06836734693877551
cvqlk4s,0,7,22,79993,391,1,548087,10170,5,0,0.11391291230893003,-0.04381705421479894,0.0,0.19999999999999996,-0.04261363636363637
cvqlykt,1,8,23,80642,649,0,547438,21571,5,0,0.028231030773217362,-0.14790424336703825,0.0,0.26250000000000007,-0.03815439219165927
cvqm7wg,0,9,66,81067,425,1,547013,10170,5,0,0.06108373558594798,-0.1246922618885396,0.044807370184254604,0.19999999999999996,0.01799242424242424
cvqmkno,1,10,37,81665,598,0,546415,21571,5,1,-0.10697689743201753,0.12419052346457062,0.0848981750859561,0.1375,-0.0005515719801433977
cvqo9fq,0,11,7,84589,2924,1,543491,10170,5,1,0.14787452591656133,0.05184783264001927,0.15362526920315867,-0.55,0.054788961038961026
cvqogi3,0,12,22,84935,346,0,543145,21571,5,0,0.1350378445827245,-0.0888653417652076,0.0,0.1375,0.05473098330241187
cvqoj0e,0,13,4,85054,119,0,543026,10170,5,0,-0.5992809734513276,-0.2624796527400977,0.0,-0.425,-0.08806818181818182
cvqokvq,0,14,14,85147,93,0,542933,21571,5,0,-0.32910420805490354,-0.10148049168012876,0.0,-0.1125,-0.010204081632653059
cvqoqv5,0,15,11,85442,295,0,542638,10170,5,0,0.03466914722445696,-0.13674865858805094,0.0,-0.425,0.09375
cvqpaur,0,16,15,86426,984,0,541654,21571,5,0,0.002964902775269435,0.13708601004426776,0.07681263460157933,-0.1125,0.05170068027210885
cvqq578,0,17,53,87905,1479,0,540175,10170,5,0,0.09148543162464516,-0.11073534945314466,0.018866261130212468,0.19999999999999996,0.0251393653516295
cvqqr15,0,18,122,88944,1039,0,539136,21571,5,0,0.05059776703369591,-0.03178797229720685,0.03186301879769217,0.26250000000000007,0.03312144529943126
cvqr0fw,0,19,94,89380,436,0,538700,10170,5,0,0.01275065900960272,0.01692255648667296,0.11055276381909548,0.19999999999999996,0.018314796905222433
cvqrj5w,0,20,84,90270,890,0,537810,21571,5,0,0.08598218048281259,0.16851875858227947,0.14715683681565725,0.26250000000000007,0.0017006802721088454
cvq5ml0,7,4,73,56439,1522,1,571641,18709,5,0,-0.1378801635819803,-0.03398562200489062,0.026552515664743474,0.2625,-0.049007548224769354
cvq635d,-2,5,109,57166,727,7,570914,10170,5,0,0.08846766663960376,0.03927473322481463,0.09539633652131627,0.19999999999999996,0.012849249374478733
cvq3u1d,2,3,7,53505,2783,9,574575,9492,5,0,0.00392207611216737,0.3868645973909133,0.4301507537688442,-0.09999999999999999,0.0483689538807649
cvqjvo6,3,4,13,77367,23862,2,550717,21571,5,0,0.09236812492185427,0.16103477083513384,0.1654425976034016,-0.11250000000000002,0.07221350078492937
cvqkixj,2,5,15,78364,997,3,549720,9492,5,0,0.08693935381971056,-0.1579697106012896,0.0,0.39999999999999997,-0.09448818897637795
cvpieyt,23,0,90,360,360,5,627724,3661,5,0,0.15663387484533262,0.04091408460265264,0.021507537688442213,0.05,-0.012440191387559807
cvqd0tl,0,1,80,67370,67010,23,560714,62167,5,0,0.3914381569653913,-0.08814768813216259,0.036248659025464404,0.32500000000000007,-0.056455399061032877
cvqlby5,1,2,27,79636,12266,0,548452,3661,5,0,0.3826253530492003,-0.040645795523290985,0.0,0.05,0.03570795676058833
cvqlgdh,1,3,80,79832,196,1,548256,62167,5,0,0.15172576758486014,-0.11030717369152712,0.06252191188500643,0.2,0.031044600938967132
cvqlsfp,1,4,109,80362,530,1,547726,3661,5,0,0.13441977148322248,0.0016607959461129712,0.026228704498100254,0.05,0.043523111364733774
cvqmjfk,1,5,108,81609,1247,1,546479,62167,5,0,0.13800485640819687,-0.16205407895988908,0.017485802998733504,0.2,-0.02034428794992177
cvqn7pf,1,6,23,82760,1151,1,545328,3661,5,0,-0.21814702379089482,-0.07012754587618472,0.044807370184254604,0.05,-0.02548366964842938
cvqp75w,1,7,50,86244,3484,1,541844,62167,5,0,0.03404877643441772,-0.09193619266405098,0.0,0.07500000000000001,0.00854460093896714
cvqppdn,1,8,222,87142,898,1,540946,3661,5,0,0.004809484082888831,-0.010003551680168345,0.016232103915805443,0.17500000000000004,-0.004332083279451698
cvqq0s7,1,9,151,87694,552,1,540394,62167,5,0,0.03035423268478403,-0.10203704650990957,0.06252191188500643,0.2,-0.0387401672729534
cvqqi95,1,10,78,88522,828,1,539566,3661,5,0,0.037429578649886094,-0.01704112612309826,0.036248659025464404,0.17500000000000004,-0.035517114464482885
cvpizgz,7,1,74,1380,1020,23,626708,41997,5,0,0.1768777949308922,0.11820581769963336,0.12408194820255122,0.0625,-0.035954135954135935
cvpj5ye,0,2,15,1703,323,7,626385,3661,5,0,0.05978038418653227,0.06503327283726557,0.07169179229480738,-0.325,0.02089314194577352
cvpjk8m,4,3,198,2392,689,0,625696,41997,5,0,0.16236166979529812,-0.005564182194616999,0.05304549654100097,0.0625,-0.06161616161616161
cvpk3vi,7,4,350,3346,954,4,624742,3661,5,0,0.06144072974068315,0.06247296123955784,0.056740991389106335,0.17500000000000004,0.021845522898154474
cvpkxzr,1,5,592,4747,1401,7,623341,41997,5,0,-0.002759253622085479,0.004033862514335674,0.06019507522483826,0.0625,-0.01906224406224405
cvpr0vo,0,6,36,15069,10322,1,613019,3661,5,1,0.05978038418653232,-0.04498134704577541,0.0,0.05,-0.0013290802764487075
cvpm30s,7,6,738,6668,1921,1,621420,3661,5,0,0.07395406574635668,0.08521346938385885,0.048417442663554744,0.17500000000000004,0.014931082325177314
cvpn37z,2,7,771,8372,1704,7,619716,41997,5,0,0.01257622191405459,-0.015721022708600353,0.04516338788151883,0.0625,-0.03825020634359154
cvpnych,5,8,411,9832,1460,2,618256,3661,5,1,0.04705510804158044,0.08128581339263413,0.06204097410127561,0.17500000000000004,-0.005384230317000208
cvporiu,2,9,476,11163,1331,5,616925,41997,5,1,0.007906618801985734,-0.006268395063813332,0.06559600219210655,0.0625,-0.03362617774382479
cvpsegi,2,10,8,17944,6781,2,610144,4459,5,0,0.31326050884955753,-0.28941851484056047,0.0,-0.11249999999999999,-0.0234375
cvppipz,2,10,392,12394,1231,2,615698,3661,5,0,0.19468346046129006,0.07353329865604351,0.05709965757993507,0.17500000000000004,0.017661849428766724
cvpq4ej,2,11,275,13399,1005,2,614693,41997,5,0,-0.0834700992223116,-0.04140791129228072,0.041627492300210726,0.0625,-0.04484848484848483
cvq3kns,1,12,29,53055,39656,2,575037,6141,5,0,0.16308317171773212,0.0608885946522491,0.11124588459539074,0.0625,0.056070105443146195
cvpqpz1,3,12,235,14492,1093,2,613604,3661,5,0,0.10923748579953675,0.08166739158913316,0.06302575146796252,0.17500000000000004,0.015219383080525284
cvq3tqk,1,2,81,53491,52111,7,574605,20422,5,0,0.0968534906588004,0.07719198790627359,0.033959270034382434,0.32499999999999996,-0.037037037037037035
cvqg034,1,2,12,71726,70346,7,556370,21571,5,0,-0.2875955692011318,-0.018580935096361592,0.0827212988017008,-0.11250000000000002,-0.08163265306122448
cvpktqs,7,0,660,4555,4555,5,623541,1626,5,0,0.08935352120556164,-0.075645814009602,0.0405802597895136,0.3125,0.006104207543056461
cvq3bky,0,1,61,52609,48054,7,575491,9954,5,0,0.04610938398457396,-0.09774452496782673,0.016293589157910765,-0.05000000000000002,0.03437977035906284
cvq70ze,0,2,217,58619,6010,0,569485,1626,5,0,-0.02514215535120536,-0.0874100383884046,0.03455026134689512,0.3125,0.0047077545337002175
cvq7iny,1,3,71,59364,745,0,568740,9954,5,1,0.010686634226194853,0.004726729103460411,0.0573534338358459,0.07499999999999998,-0.030963106574670704
cvqk35k,1,4,27,77687,18323,1,550417,21571,5,0,0.002964902775269414,-0.11437597825982584,0.0,0.012499999999999997,-0.04459561602418745
cvqkvlr,1,5,8,78924,1237,1,549180,9954,5,2,0.09969635627530359,0.2611517829661873,0.0,-0.675,0.12044534412955465
cvqlj7v,1,6,42,79953,1029,1,548151,21571,5,0,0.12749081933658418,0.08120556819891361,0.048880767473732295,0.26250000000000007,0.08503401360544217
cvqm4pk,1,7,7,80924,971,1,547180,9954,5,1,-0.05596103942633986,-0.21033944510398797,0.0,-0.42499999999999993,-0.12955465587044535
cvqmly3,0,8,26,81725,801,1,546379,21571,5,0,0.09236812492185437,-0.06348486157923544,0.0,-0.11250000000000002,-0.04317111459968602
cvqmyd3,1,9,8,82320,595,0,545784,9954,5,0,0.31761671025760463,0.32850767269049824,0.0,-0.55,-0.0045546558704453455
cvqn9kw,0,10,14,82848,528,1,545256,21571,5,0,0.29352537475167045,0.16103477083513382,0.0,-0.36250000000000004,0.2755102040816327
cvqnpnx,1,11,13,83614,766,0,544490,9954,5,0,-0.017645372792089102,0.17652515228692525,0.08961474036850921,-0.3,0.10121457489878544
cvqobz7,0,12,33,84711,1097,1,543393,21571,5,0,-0.04986427394771262,-0.13371920812937152,0.0,0.1375,0.03957946815089673
cvqosyq,1,13,36,85544,833,0,542560,9954,5,0,0.17233647426940393,-0.11604119948995298,0.027573766267233603,0.07499999999999998,-0.04622132253711202
cvqpbop,0,14,13,86469,925,1,541635,21571,5,0,-0.17584154151790055,-0.11961476968282768,0.0,-0.23750000000000002,0.07221350078492937
cvqk0pa,1,2,8,77582,24973,0,550522,21571,5,0,-0.36023568719523225,-0.04103289833779846,0.0,-0.48750000000000004,-0.08163265306122448
cvqkvyj,1,3,8,78939,1357,1,549165,9954,5,0,-0.336144351689298,0.10398804027612876,0.15362526920315867,-0.675,-0.12955465587044535
cvql9yt,1,4,17,79549,610,1,548555,21571,5,0,0.2422499973440703,-0.13202243357941132,0.0,-0.11250000000000002,-0.022809123649459778
cvptrs4,5,0,79,21778,21778,5,606326,41614,5,0,0.10254176097579779,-0.10031388098643214,0.0,0.11250000000000002,0.0030695471687081505
cvplund,5,0,201,6281,6281,5,621827,19673,5,0,0.1118714033894768,0.1127474241836272,0.11270325426257927,0.024999999999999994,-0.03416943062465451
cvpmgqz,-2,1,37,7299,1018,5,620809,289,5,0,-0.06354979207660104,-0.038100301258195995,0.052457408996200515,0.425,-0.0053372700431523895
cvpzdnd,-2,2,156,43776,36477,-2,584336,19673,5,0,-0.038079150173545434,-0.030718123744163276,0.03773252226042493,0.024999999999999994,0.0194088319088319
cvq07gv,4,0,15,46086,46086,5,582026,-74,5,1,0.14036020243716255,0.33285060755051504,0.26884422110552764,-0.39999999999999997,0.011927582534611292
cvpk9ly,3,0,26,3621,3621,5,624495,16525,5,1,0.09298429043698685,0.15108740154112202,0.038406317300789666,-0.02500000000000001,0.03782405439864005
cvqkbaf,1,1,14,78036,74415,3,550080,21571,5,0,-0.2045782914935887,-0.0047643423324004435,0.0,0.012500000000000011,-0.08163265306122448
cvpm5pa,17,1,87,6787,3166,3,621329,19673,5,1,0.03321221231403307,0.01705492841485376,0.05486616757255666,-0.1,0.006146232439335889
cvqb8jr,3,2,44,64787,58000,17,563329,9492,5,0,0.2982560607116387,0.031537874787302675,0.04779452819653825,0.39999999999999997,0.01914817465998568
cvpu1tk,11,1,132,22607,18986,3,605509,41614,5,1,0.11859113111948848,0.05914793089795538,0.05191474614451568,0.23750000000000002,0.010357617747917977
cvpiwy0,1,0,59,1255,1255,5,626861,1322,5,1,-0.000665079286228621,0.013416417058907431,0.034138948711813034,0.17500000000000002,0.03182734753937544
cvpko05,-1,1,21,4290,3035,1,623831,44810,5,0,0.14787452591656133,-0.052034419532111124,0.0,0.17500000000000004,-0.050595238095238096
cvqknig,1,2,21,78566,74276,-1,549555,35798,5,0,0.11382781376395101,-0.009456549592861574,0.05120842306771955,-0.1125,-0.030535100638193424
cvpmivt,2,1,24,7404,6149,1,620717,33822,5,0,0.15713984708927814,-0.19035065668192608,0.0,0.062499999999999986,0.037414965986394544
cvpttgh,1,2,9,21911,14507,2,606210,41614,5,0,0.06576195439650645,0.08019878227805448,0.0,-0.5125000000000001,0.11136771875801897
cvpjivn,1,1,6,2326,1071,1,625795,5375,5,0,0.018160029498525077,-0.17593756860866608,0.0,-0.22500000000000003,0.062499999999999986
cvpl6wm,7,1,128,5155,3900,1,622969,1626,5,0,0.11444738014897819,0.08781159056320155,0.1098925283351062,0.3125,0.009892086330935246
cvq3opn,-1,2,49,53252,48097,7,574872,6141,5,0,0.08211065454485743,0.1060227976811889,0.08434328505271456,0.1875,0.012438859841457234
cvq4pn1,2,3,46,54952,1700,-1,573172,1626,5,0,0.1807709661435916,-0.04489872866756157,0.0620409741012756,0.3125,0.015326868939630894
cvpk2mi,7,1,18,3284,2029,1,624840,14106,5,0,0.23475345021892963,-0.13228759301504547,0.0,-0.38749999999999996,-0.12212943632567849
cvpo4na,-1,0,132,10129,10129,5,618000,40293,5,0,0.21007852306248326,0.18263659502833396,0.09589348013955125,0.5750000000000001,0.019649621212121215
cvpvrih,-2,0,104,28722,28722,5,599410,-1,5,0,0.04927677596502215,0.03771929824561404,0.09617191649303428,0.0,0.017617449664429533
cvq8xz1,2,1,30,61466,32744,-2,566670,4015,5,0,-0.29056047197640117,-0.14431504808625037,0.0,0.225,-0.07142857142857144
cvqwa8p,1,2,91,98660,37194,2,529476,-1,5,0,0.054066234294303434,0.017155817893643767,0.10145064947378403,0.0,-0.00848145143447157
cvpn3mw,-6,0,8,8390,8390,5,619746,24011,5,0,0.3193085045394374,-0.06538473235193619,0.0,-0.4625,0.02017078916372203
cvq0dgs,-1,0,11,46513,46513,5,581623,5424,5,1,0.1519615730443425,-0.12833785686971289,0.0,-0.14999999999999997,0.07005347593582888
cvpibg2,-9,0,43,185,185,5,627955,2068,5,0,-0.006101179474781016,0.18494064397604723,0.09152143697209451,0.08749999999999998,-0.03319033641905622
cvq0nlw,-8,0,5,47202,47202,5,580942,120217,5,0,-0.4375234906208356,-0.1314261262913381,0.0,-0.4375,0.0725868725868726
